8.920928820761875322e-01
8.920928820761875322e-01
8.920928820761875322e-01
8.920928820761875322e-01
8.920928820761875322e-01
8.799514342085293928e-01
8.716041887995142901e-01
8.561238427682501539e-01
8.145393838215206905e-01
7.964789801183791429e-01
7.324328426164820049e-01
8.910305053877675130e-01
8.910305053877675130e-01
8.910305053877675130e-01
8.910305053877675130e-01
8.910305053877675130e-01
8.788890575201092625e-01
8.705418121110942709e-01
8.555167703748671748e-01
8.139323114281378224e-01
7.958719077249961638e-01
7.324328426164820049e-01
8.828350280770982383e-01
8.828350280770982383e-01
8.828350280770982383e-01
8.828350280770982383e-01
8.828350280770982383e-01
8.706935802094399879e-01
8.623463348004249962e-01
8.476248292608893342e-01
8.060403703141599818e-01
7.879799666110183232e-01
7.245409015025041644e-01
8.653816967673395588e-01
8.653816967673395588e-01
8.653816967673395588e-01
8.653816967673395588e-01
8.653816967673395588e-01
8.552132341781757408e-01
8.468659887691607491e-01
8.324480194263166322e-01
7.908635604795871688e-01
7.728031567764456211e-01
7.104264683563514815e-01
8.430717863105174903e-01
8.430717863105174903e-01
8.430717863105174903e-01
8.430717863105174903e-01
8.430717863105174903e-01
8.335103961147366514e-01
8.251631507057216597e-01
8.112004856579146939e-01
7.696160267111853415e-01
7.515556230080436828e-01
6.935802094399756701e-01
8.230383973288815103e-01
8.230383973288815103e-01
8.230383973288815103e-01
8.230383973288815103e-01
8.230383973288815103e-01
8.140840795264835394e-01
8.057368341174685478e-01
7.925330095613901671e-01
7.509485506146608147e-01
7.328881469115191560e-01
6.764304143269085356e-01
7.926847776597358841e-01
7.926847776597358841e-01
7.926847776597358841e-01
7.926847776597358841e-01
7.926847776597358841e-01
7.872211261192897380e-01
7.788738807102747463e-01
7.671877371376536470e-01
7.256032781909242946e-01
7.083017149795113321e-01
6.542722719684321842e-01
7.633935346790104992e-01
7.633935346790104992e-01
7.633935346790104992e-01
7.633935346790104992e-01
7.633935346790104992e-01
7.591440279253300893e-01
7.514038549096979658e-01
7.407800880254969966e-01
7.008650781605706426e-01
6.837152830475033971e-01
6.330247382000303569e-01
7.391106389436939983e-01
7.391106389436939983e-01
7.391106389436939983e-01
7.391106389436939983e-01
7.391106389436939983e-01
7.365305812718166978e-01
7.289421763545302912e-01
7.187737137653664732e-01
6.805281529822431175e-01
6.642889664592502852e-01
6.155714068902716773e-01
7.096676278646228964e-01
7.096676278646228964e-01
7.096676278646228964e-01
7.096676278646228964e-01
7.096676278646228964e-01
7.079981787828198980e-01
7.010168462589163596e-01
6.919107603581726718e-01
6.550311124601608803e-01
6.392472302322051991e-01
5.958415541053270204e-01
6.190620731522233910e-01
6.190620731522233910e-01
6.190620731522233910e-01
6.190620731522233910e-01
6.190620731522233910e-01
6.189103050538776740e-01
6.126878130217028318e-01
6.035817271209591439e-01
5.729245712551221947e-01
5.571406890271665135e-01
5.214751859159204583e-01
