8.713108706345302767e-01
8.674987702902114961e-01
8.601205115592720496e-01
8.518814559763895344e-01
8.457943925233645244e-01
8.430275454992621764e-01
8.397688145597639320e-01
8.331898671913428034e-01
8.278406296114116936e-01
8.213846532218396224e-01
8.117929168716182531e-01
8.602434825381209960e-01
8.566773241515002191e-01
8.494835218888342476e-01
8.415518937530742649e-01
8.355878012788982012e-01
8.328209542547958533e-01
8.299311362518445589e-01
8.239055582882439666e-01
8.188022626660108605e-01
8.125307427447122643e-01
8.032464338416134275e-01
8.435194294146581839e-01
8.400762420068863534e-01
8.330668962124938570e-01
8.253197245450073494e-01
8.194171175602558144e-01
8.166502705361534664e-01
8.138834235120511185e-01
8.085956714215445373e-01
8.037998032464338527e-01
7.977742252828332603e-01
7.891047712739793774e-01
8.226758484997540588e-01
8.193556320708312857e-01
8.125307427447122643e-01
8.051524840137727068e-01
7.993728480078701182e-01
7.966060009837678813e-01
7.938391539596655333e-01
7.890432857845548487e-01
7.850467289719625930e-01
7.806812592228233871e-01
7.739178553861288945e-01
7.991883915395966431e-01
7.959911460895229274e-01
7.894121987211017988e-01
7.822183964584358273e-01
7.765002459419576564e-01
7.737333989178554194e-01
7.709665518937530715e-01
7.668470241023118694e-01
7.642031480570585789e-01
7.607599606492867483e-01
7.549803246433841597e-01
7.627889818002950850e-01
7.597147073290703156e-01
7.533817019183473018e-01
7.465568125922282805e-01
7.409616330545991669e-01
7.382562715199213477e-01
7.361657648794884823e-01
7.328455484505657092e-01
7.307550418101328438e-01
7.279881947860304958e-01
7.229463846532218074e-01
7.297097884899164111e-01
7.268199704869651168e-01
7.205484505656665206e-01
7.141539596655189781e-01
7.086202656173142822e-01
7.065297589768814168e-01
7.049311362518445589e-01
7.021028037383177933e-01
7.002582390555829317e-01
6.976143630103295301e-01
6.931259222823413779e-01
6.773241515002459412e-01
6.752336448598130758e-01
6.690850959173635371e-01
6.630595179537629447e-01
6.582636497786522600e-01
6.566650270536154022e-01
6.554353172651253834e-01
6.530988686669946253e-01
6.513157894736841813e-01
6.486719134284308907e-01
6.443679291687162136e-01
6.299803246433841597e-01
6.281357599606492981e-01
6.220486965076241770e-01
6.162690605017215884e-01
6.122110181997049150e-01
6.109198229217904785e-01
6.099360550909985745e-01
6.077225774717166518e-01
6.059394982784063188e-01
6.032956222331530283e-01
5.991760944417117152e-01
5.903221839645843572e-01
5.886620757501229706e-01
5.827594687653713246e-01
5.777791441219871649e-01
5.739055582882439666e-01
5.727988194786030052e-01
5.718765371372356299e-01
5.697860304968027645e-01
5.680029513034923205e-01
5.654820462370880874e-01
5.617929168716182531e-01
5.370142646335465120e-01
5.355386128873586005e-01
5.299434333497294869e-01
5.256394490900148098e-01
5.220118052139695042e-01
5.210895228726020179e-01
5.201672405312346426e-01
5.182611903590752522e-01
5.164781111657649193e-01
5.145720609936055290e-01
5.111288735858336985e-01
