9.219842969307637803e-01
9.185581727337616131e-01
9.139186295503212154e-01
9.053533190578157974e-01
8.985724482512491562e-01
8.832976445396145682e-01
8.704496788008565522e-01
8.611705924339757567e-01
8.395431834403996874e-01
8.269093504639543069e-01
8.129907209136331137e-01
9.154889364739471347e-01
9.123483226266951851e-01
9.082798001427552226e-01
8.997858672376873868e-01
8.930049964311206345e-01
8.786581013561741704e-01
8.658101356174161545e-01
8.567451820128479945e-01
8.352605281941470894e-01
8.226266952177015979e-01
8.087080656673804047e-01
9.104211277658814661e-01
9.074946466809421519e-01
9.036402569593148248e-01
8.952890792291220423e-01
8.885082084225552901e-01
8.747323340471092612e-01
8.618843683083511342e-01
8.529621698786581385e-01
8.316916488222697579e-01
8.191291934332619595e-01
8.052105638829407663e-01
9.052819414703783263e-01
9.025695931477516476e-01
8.990007137758744271e-01
8.907209136331192267e-01
8.839400428265524745e-01
8.707351891506066588e-01
8.578872234118486428e-01
8.491791577444682826e-01
8.279086366880799019e-01
8.156316916488223212e-01
8.017130620985010170e-01
8.991434689507494804e-01
8.966452533904354372e-01
8.933618843683083233e-01
8.852248394004282872e-01
8.784439685938615350e-01
8.658101356174161545e-01
8.529621698786581385e-01
8.443968593861527205e-01
8.231263383297644509e-01
8.108493932905067592e-01
7.972162740899357836e-01
8.907922912205566979e-01
8.885795860099928722e-01
8.856531049250535581e-01
8.778015703069236286e-01
8.720913633119200536e-01
8.600285510349749973e-01
8.471805852962169814e-01
8.387580299785867277e-01
8.174875089221984581e-01
8.052105638829407663e-01
7.916488222698072619e-01
8.763740185581727626e-01
8.744468236973590436e-01
8.717344753747323649e-01
8.649536045681656127e-01
8.593147751605996199e-01
8.491077801570307004e-01
8.362598144182726845e-01
8.286224125624553905e-01
8.074946466809421741e-01
7.952177016416844824e-01
7.816559600285510889e-01
8.659528907922912078e-01
8.641684511063526530e-01
8.616702355460384988e-01
8.564596716630977769e-01
8.512491077801570549e-01
8.414703783012134064e-01
8.289079229122056081e-01
8.214132762312633673e-01
8.019985724482512346e-01
7.897216274089935428e-01
7.761598857958601494e-01
8.451106352605282090e-01
8.433975731620271254e-01
8.411134903640257177e-01
8.362598144182726845e-01
8.313347608850820691e-01
8.219842969307636915e-01
8.129193433261955315e-01
8.057815845824410905e-01
7.865096359743041221e-01
7.742326909350464303e-01
7.606709493219129259e-01
8.173447537473232938e-01
8.157030692362597923e-01
8.137758743754460733e-01
8.093504639543183110e-01
8.048536759457530776e-01
7.961456102783726063e-01
7.879371877230549881e-01
7.811563169164882359e-01
7.649536045681656349e-01
7.526766595289079431e-01
7.391149179157744387e-01
7.906495360456816668e-01
7.890792291220556365e-01
7.874375446109921350e-01
7.835831548893646969e-01
7.793004996431120990e-01
7.712348322626695341e-01
7.637401855817272933e-01
7.573875802997858120e-01
7.415417558886510108e-01
7.296216987865810077e-01
7.162027123483226676e-01
