9.172250139586822781e-01
9.158291457286432680e-01
9.144332774986041468e-01
9.130374092685650256e-01
9.054997208263539932e-01
8.821887213847012799e-01
8.680904522613065444e-01
8.158849804578447440e-01
7.613065326633166041e-01
6.616415410385260154e-01
6.312116136236739505e-01
9.159687325516471246e-01
9.145728643216080034e-01
9.131769960915689932e-01
9.117811278615298720e-01
9.042434394193188396e-01
8.809324399776661263e-01
8.668341708542713908e-01
8.150474595198213823e-01
7.608877721943048122e-01
6.616415410385260154e-01
6.312116136236739505e-01
9.115019542155220478e-01
9.101060859854829266e-01
9.087102177554439164e-01
9.073143495254047952e-01
8.997766610831937628e-01
8.764656616415410495e-01
8.623673925181463140e-01
8.105806811836963055e-01
7.572585147962032082e-01
6.584310441094360922e-01
6.280011166945840273e-01
9.087102177554439164e-01
9.073143495254047952e-01
9.059184812953656740e-01
9.045226130653266639e-01
8.969849246231156314e-01
8.736739251814629181e-01
8.595756560580680716e-01
8.077889447236180631e-01
7.550251256281407253e-01
6.570351758793969710e-01
6.273031825795645222e-01
9.022892238972640699e-01
9.008933556672250598e-01
8.994974874371859386e-01
8.981016192071468174e-01
8.905639307649357850e-01
8.672529313232830717e-01
8.531546621998883362e-01
8.047180346175321075e-01
7.519542155220547697e-01
6.552205471803461689e-01
6.260469011725293687e-01
8.888888888888888395e-01
8.874930206588498294e-01
8.860971524288107082e-01
8.847012841987715870e-01
8.771635957565605546e-01
8.538525963149078413e-01
8.398939140145170734e-01
7.939698492462311519e-01
7.417643774427693515e-01
6.482412060301507850e-01
6.199050809603573464e-01
8.669737576772752474e-01
8.655778894472361262e-01
8.641820212171971161e-01
8.627861529871579949e-01
8.552484645449469625e-01
8.319374651032942491e-01
8.182579564489111945e-01
7.741485203796761860e-01
7.229201563372417150e-01
6.330262423227247526e-01
6.098548297040758959e-01
8.337520938023450512e-01
8.323562255723059300e-01
8.309603573422669198e-01
8.295644891122277986e-01
8.220268006700167662e-01
7.987158012283640529e-01
7.878280290340591296e-01
7.484645449469570222e-01
6.982132886655499915e-01
6.159966499162479181e-01
6.005025125628140614e-01
7.999720826353992065e-01
7.985762144053600853e-01
7.971803461753210751e-01
7.957844779452819539e-01
7.882467895030709215e-01
7.649357900614182082e-01
7.543271915131211092e-01
7.195700725851479351e-01
6.762981574539363994e-01
6.065047459519821160e-01
5.915689558905639078e-01
7.688442211055276365e-01
7.674483528754885153e-01
7.660524846454495052e-01
7.646566164154103840e-01
7.572585147962032082e-01
7.346454494695701110e-01
7.247347850362926280e-01
6.915131211613623208e-01
6.553601340033501366e-01
5.978503629257397867e-01
5.837520938023450512e-01
7.441373534338358020e-01
7.427414852037967918e-01
7.413456169737576706e-01
7.400893355667225171e-01
7.329704075935231655e-01
7.111948632049134300e-01
7.019821328866554522e-01
6.695979899497487287e-01
6.394472361809044880e-01
5.852875488553880290e-01
5.714684533780011177e-01
