9.093895901781082758e-01
9.029338866793474860e-01
8.965934636002075298e-01
8.896766384229638502e-01
8.827598132457201707e-01
8.755547870194247961e-01
8.635079831690587460e-01
8.527869041443311149e-01
8.406824600841547035e-01
8.293273387515130990e-01
8.166464925932330754e-01
9.072569024151247996e-01
9.009741195457950935e-01
8.946336964666551372e-01
8.878897919188425414e-01
8.809729667415989729e-01
8.737679405153034873e-01
8.618364170845581596e-01
8.513458988990719734e-01
8.392414548388955620e-01
8.280592541356850411e-01
8.153784079774050175e-01
9.057582569600552969e-01
8.996483947201567855e-01
8.933079716410167181e-01
8.867369877226353170e-01
8.798201625453916375e-01
8.726151363190961519e-01
8.607988933079716576e-01
8.505965761715372775e-01
8.384921321113608661e-01
8.274828520375814289e-01
8.148020058793014053e-01
9.039714104559340990e-01
8.980921090552769215e-01
8.917516859761369652e-01
8.852959824773761754e-01
8.784944377197533294e-01
8.712894114934578438e-01
8.594731684823332385e-01
8.496166926047611367e-01
8.375122485445847254e-01
8.266758891002363718e-01
8.139950429419563482e-01
9.017234422733299004e-01
8.960170615021039175e-01
8.897342786327742115e-01
8.833362153438238940e-01
8.767075912156320205e-01
8.695025649893365349e-01
8.576863219782120407e-01
8.480027667300709115e-01
8.360712432993255838e-01
8.254078044844083140e-01
8.127269583261282904e-01
8.990719926220531732e-01
8.934232520606375516e-01
8.873133898207389292e-01
8.809153265317886117e-01
8.744596230330278219e-01
8.674275174361634200e-01
8.556689146348492869e-01
8.461006398063288803e-01
8.342843967952043860e-01
8.239667992391492835e-01
8.112859530808692599e-01
8.898495590523949339e-01
8.843160989106000347e-01
8.784367975099429682e-01
8.720387342209925396e-01
8.656983111418525834e-01
8.590696870136607100e-01
8.475992852613983830e-01
8.382039310623090600e-01
8.263876880511844547e-01
8.163582915441812693e-01
8.038503660153323294e-01
8.742290621937863770e-01
8.690990835206640064e-01
8.633350625396276623e-01
8.571675600899186787e-01
8.508271370107787224e-01
8.444867139316387661e-01
8.348607988933079982e-01
8.259265663727015649e-01
8.142256037811977931e-01
8.044267681134359416e-01
7.923223240532595302e-01
8.457547985474667129e-01
8.409130209233961484e-01
8.352642803619805267e-01
8.293273387515130990e-01
8.230445558821833929e-01
8.167617730128537978e-01
8.078851807020577258e-01
7.992967894403135709e-01
7.895555939823620806e-01
7.802755202028935910e-01
7.681710761427171796e-01
8.195861432935616087e-01
8.154936883970257400e-01
8.101331488846619244e-01
8.043114876938152191e-01
7.983745460833477914e-01
7.922646838434491690e-01
7.839068534209464589e-01
7.757219436278748326e-01
7.676523142544239287e-01
7.588333621534382178e-01
7.472476799815551685e-01
7.803331604127039522e-01
7.765865467750302509e-01
7.717447691509596863e-01
7.662689492189751483e-01
7.607931292869906104e-01
7.551443887255749887e-01
7.479970027090898643e-01
7.403308548043114889e-01
7.323188656406709462e-01
7.240763156377889587e-01
7.134128768228716888e-01
