8.879341210168277820e-01
8.862036042487170251e-01
8.780880773361976477e-01
8.752237737200143641e-01
8.675856307435254600e-01
8.631698293352428886e-01
8.555913593507578074e-01
8.500417710944027094e-01
8.371524048215777114e-01
8.284998209810240377e-01
8.122090941639813488e-01
8.805346700083541700e-01
8.789831722162548822e-01
8.714643752237737351e-01
8.687790905836018096e-01
8.614393125671321316e-01
8.572622031268647413e-01
8.502804630624180016e-01
8.449098937820742616e-01
8.323188924692683788e-01
8.237856546127222401e-01
8.082110036997255387e-01
8.729562000238691999e-01
8.715837212077813811e-01
8.644826351593268843e-01
8.620957154791740740e-01
8.550543024227235112e-01
8.511158849504714130e-01
8.448502207900704386e-01
8.396586704857381678e-01
8.272466881489437540e-01
8.190714882444205536e-01
8.040935672514619714e-01
8.643036161833154152e-01
8.630504833512352425e-01
8.563671082468075069e-01
8.539801885666546966e-01
8.474758324382384300e-01
8.437761069340016240e-01
8.375104427736006496e-01
8.333930063253371934e-01
8.211003699725504257e-01
8.131638620360425174e-01
7.990810359231411697e-01
8.517126148705096433e-01
8.505788280224370057e-01
8.444921828380475004e-01
8.421052631578946901e-01
8.362573099415204769e-01
8.328559493973027861e-01
8.265902852369018117e-01
8.230695787086764748e-01
8.130445160520348713e-01
8.054660460675497902e-01
7.924573338107172571e-01
8.370330588375700653e-01
8.361379639575128309e-01
8.304690297171499758e-01
8.281417830290010995e-01
8.225921947726458905e-01
8.197278911564626069e-01
8.151927437641723895e-01
8.119704021959660567e-01
8.036758563074352102e-01
7.976488841150495279e-01
7.852369017782551142e-01
8.177586824203365579e-01
8.168635875402793234e-01
8.116123642439432295e-01
8.094641365318057113e-01
8.042129132354696175e-01
8.020646855233320993e-01
7.984843060031030504e-01
7.958586943549349479e-01
7.880415324024346857e-01
7.839837689461749415e-01
7.731232844014799266e-01
7.879221864184270396e-01
7.870270915383696941e-01
7.824322711540756536e-01
7.803437164339419585e-01
7.757488960496479180e-01
7.740183792815371611e-01
7.714524406253729927e-01
7.698412698412698818e-01
7.624418188327962698e-01
7.586824203365556407e-01
7.500895094880056790e-01
7.494331065759637367e-01
7.485380116959063912e-01
7.444205752476429350e-01
7.424513665115168859e-01
7.383936030552571417e-01
7.369017782551616769e-01
7.347535505430242697e-01
7.338584556629669242e-01
7.278911564625850650e-01
7.243704499343597281e-01
7.171500179018975851e-01
6.968015276285952631e-01
6.959064327485380286e-01
6.921470342522973995e-01
6.911325933882325190e-01
6.875522138680033590e-01
6.863587540279270094e-01
6.845088912758086064e-01
6.836137963957512609e-01
6.804511278195488622e-01
6.786609380594342822e-01
6.728726578350638921e-01
6.360544217687075230e-01
6.353980188566654697e-01
6.319369853204439558e-01
6.312805824084019024e-01
6.302064685523331988e-01
6.292517006802721413e-01
6.275211839121613844e-01
6.266260890321040389e-01
6.241198233679436935e-01
6.232247284878863480e-01
6.195846759756533650e-01
