9.448373408769448201e-01
9.448373408769448201e-01
9.448373408769448201e-01
9.445230237309445442e-01
9.445230237309445442e-01
9.339933993399339718e-01
9.112054062549111988e-01
8.994185132798994120e-01
8.862171931478861620e-01
8.522709413798522649e-01
8.337262297658337706e-01
9.404369008329404034e-01
9.404369008329404034e-01
9.404369008329404034e-01
9.402797422599402655e-01
9.402797422599402655e-01
9.297501178689298040e-01
9.069621247839069200e-01
8.951752318088951332e-01
8.819739116768819942e-01
8.480276599088479861e-01
8.299544240138299056e-01
9.380795222379381126e-01
9.380795222379381126e-01
9.380795222379381126e-01
9.380795222379381126e-01
9.380795222379381126e-01
9.275498978469275402e-01
9.047619047619047672e-01
8.929750117868929804e-01
8.797736916548797304e-01
8.458274398868458333e-01
8.277542039918277528e-01
9.357221436429357109e-01
9.357221436429357109e-01
9.357221436429357109e-01
9.357221436429357109e-01
9.357221436429357109e-01
9.251925192519251384e-01
9.024045261669023654e-01
8.906176331918905786e-01
8.774163130598774396e-01
8.434700612918434315e-01
8.253968253968253510e-01
9.308502278799308804e-01
9.308502278799308804e-01
9.308502278799308804e-01
9.308502278799308804e-01
9.308502278799308804e-01
9.203206034889203080e-01
8.975326104038975350e-01
8.857457174288857482e-01
8.725443972968724982e-01
8.385981455288386011e-01
8.205249096338205206e-01
9.160773220179160292e-01
9.160773220179160292e-01
9.160773220179160292e-01
9.160773220179160292e-01
9.160773220179160292e-01
9.055476976269055678e-01
8.827597045418827948e-01
8.709728115668710080e-01
8.577714914348577580e-01
8.277542039918277528e-01
8.096809680968096723e-01
9.086908690869086591e-01
9.086908690869086591e-01
9.086908690869086591e-01
9.086908690869086591e-01
9.086908690869086591e-01
8.981612446958981977e-01
8.753732516108754247e-01
8.635863586358636379e-01
8.503850385038503878e-01
8.213107024988213212e-01
8.037089423228036544e-01
8.948609146628948574e-01
8.948609146628948574e-01
8.948609146628948574e-01
8.948609146628948574e-01
8.948609146628948574e-01
8.843312902718842849e-01
8.651579443658651281e-01
8.533710513908533413e-01
8.401697312588402022e-01
8.120383466918120741e-01
7.949080622347949321e-01
8.805594845198805309e-01
8.805594845198805309e-01
8.805594845198805309e-01
8.805594845198805309e-01
8.805594845198805309e-01
8.700298601288700695e-01
8.514851485148514643e-01
8.396982555398396775e-01
8.264969354078265384e-01
7.993085022787993488e-01
7.826496935407826205e-01
8.488134527738487867e-01
8.488134527738487867e-01
8.488134527738487867e-01
8.488134527738487867e-01
8.488134527738487867e-01
8.418984755618419413e-01
8.236680810938237229e-01
8.118811881188119361e-01
7.986798679867986861e-01
7.818639006757818199e-01
7.656765676567657275e-01
8.315260097438315068e-01
8.315260097438315068e-01
8.315260097438315068e-01
8.315260097438315068e-01
8.315260097438315068e-01
8.250825082508250752e-01
8.120383466918120741e-01
8.002514537168002873e-01
7.870501335847870372e-01
7.711771177117712206e-01
7.562470532767562315e-01
