9.034601517516008817e-01
8.987246408007318887e-01
8.919980627455200706e-01
8.836032933326157801e-01
8.760695259107786903e-01
8.676209438734326929e-01
8.590647365872033925e-01
8.485712748210729739e-01
8.404993811548189253e-01
8.289834795242964072e-01
8.153688855405477609e-01
9.024377118872087822e-01
8.979712640585481020e-01
8.913523112522198089e-01
8.832804175859656493e-01
8.757466501641285594e-01
8.672980681267825620e-01
8.590647365872033925e-01
8.485712748210729739e-01
8.404993811548189253e-01
8.289834795242964072e-01
8.153688855405477609e-01
8.994780175429155644e-01
8.953344454609051262e-01
8.888231179034601359e-01
8.810740999838562182e-01
8.735403325620190174e-01
8.650917505246731309e-01
8.572889199806275062e-01
8.467954582144970876e-01
8.387235645482430391e-01
8.272076629177205209e-01
8.135930689339718747e-01
8.933971909810041190e-01
8.893612441478770947e-01
8.831189797126406393e-01
8.756390249152451455e-01
8.682128827422913586e-01
8.604638648226874409e-01
8.528224721519668261e-01
8.425980735080449424e-01
8.345261798417908938e-01
8.230102782112683757e-01
8.104719367163536470e-01
8.844104826992412738e-01
8.805897863638809664e-01
8.752085239197116007e-01
8.679438196200828237e-01
8.607867405693375717e-01
8.531453478986170680e-01
8.456653931012215741e-01
8.357100575795081143e-01
8.277996017865791867e-01
8.164451380293816785e-01
8.050368616477425743e-01
8.712802023354678793e-01
8.676747564978743998e-01
8.627239950492385789e-01
8.557821664962600439e-01
8.487865253188398018e-01
8.414680083947694289e-01
8.342571167195823589e-01
8.246246569445191410e-01
8.176290157670990100e-01
8.064898025076683297e-01
7.954582144971210633e-01
8.594952375827369373e-01
8.559974169940267608e-01
8.512619060431577678e-01
8.449120163590377874e-01
8.379163751816176564e-01
8.312974223752892522e-01
8.244094064467524241e-01
8.149921971694559231e-01
8.079965559920356810e-01
7.977183447236722014e-01
7.873325082064251967e-01
8.386697519238013321e-01
8.352257439595328625e-01
8.309207340041974144e-01
8.252165958133778068e-01
8.192972071247914823e-01
8.133240058117634508e-01
8.070817413765268844e-01
7.992250982080395527e-01
7.924447075283861386e-01
7.822741215089059619e-01
7.728569122316095719e-01
8.212344616046924894e-01
8.178442662648657269e-01
8.137545068072969956e-01
8.083732443631276299e-01
8.032610450411666880e-01
7.976645320992304944e-01
7.918527686595274728e-01
7.846956896087822209e-01
7.780229241780121097e-01
7.678523381585320440e-01
7.585965667545606639e-01
8.025076682989829013e-01
7.992789108324812597e-01
7.953505892482376494e-01
7.907765161706936663e-01
7.862024430931496832e-01
7.813054942689554583e-01
7.758704192003443856e-01
7.696819673895496372e-01
7.634397029543130708e-01
7.533767421837163081e-01
7.442824086530700489e-01
7.754399182048108408e-01
7.724264112360760270e-01
7.687133401495991336e-01
7.645697680675886954e-01
7.605876338589032670e-01
7.561749986546844049e-01
7.515471129526987148e-01
7.458967873863208142e-01
7.402464618199429136e-01
7.311521282892966545e-01
7.235107356185761507e-01
