8.623398534296409235e-01
8.581220013708019678e-01
8.525333473928401462e-01
8.464701850582591058e-01
8.374545262824906189e-01
8.282279749037801952e-01
8.191595929772763629e-01
8.096167026941529787e-01
7.916908314440871397e-01
7.743976380028469997e-01
7.570517214108715143e-01
8.581220013708019678e-01
8.539568724626983576e-01
8.487900036906205203e-01
8.428322876575103928e-01
8.340275214846839535e-01
8.248009701059735299e-01
8.159434807824115232e-01
8.066114831022301868e-01
7.887910581536352606e-01
7.714978647123952316e-01
7.543628407233616828e-01
8.521642853376917293e-01
8.481046027310592539e-01
8.432540728633942662e-01
8.375599725839616427e-01
8.289660990140770291e-01
8.197922707861021729e-01
8.111456740654821029e-01
8.019191226867717903e-01
7.843623134918542572e-01
7.671218432013496846e-01
7.499868192123161359e-01
8.447830442347235014e-01
8.408288079295618278e-01
8.362418938155744552e-01
8.309695787420255941e-01
8.224284283228765480e-01
8.140981705066694385e-01
8.056624663889914162e-01
7.964359150102809926e-01
7.790372752675699397e-01
7.620604207307428712e-01
7.451890124953867156e-01
8.364527864185163919e-01
8.327094427162967660e-01
8.282806980545157627e-01
8.233247218853798621e-01
8.149944640691727527e-01
8.071387146095850840e-01
7.989666262455844548e-01
7.897400748668740311e-01
7.726577740285759388e-01
7.566299362049876409e-01
7.412874993409606095e-01
8.262772183265671977e-01
8.227974903780249649e-01
8.185269151684504418e-01
8.138345547529920454e-01
8.060315284441398331e-01
7.983866715874941011e-01
7.908472610323192820e-01
7.819370485580218189e-01
7.660146570359044338e-01
7.506722201718775134e-01
7.359097379659408356e-01
8.118837981757789368e-01
8.086676859809142082e-01
8.046080033742816218e-01
8.001265355617651620e-01
7.925871250065903428e-01
7.855749459587705319e-01
7.785627669109506099e-01
7.703906785469499807e-01
7.554700268888068226e-01
7.407602678336057123e-01
7.264722939842884752e-01
7.980176095323456842e-01
7.950651130911583486e-01
7.914272156904096356e-01
7.870511941793641997e-01
7.799862919808088213e-01
7.738176833447566461e-01
7.672272895028207085e-01
7.593715400432329288e-01
7.456635208520061564e-01
7.314282701534243758e-01
7.179311435651394291e-01
7.769810723888859183e-01
7.741867453999050630e-01
7.708124637528338541e-01
7.667000579954658113e-01
7.597406020983813457e-01
7.543101175726261154e-01
7.485105709917224681e-01
7.410238835872832164e-01
7.280012653556175994e-01
7.142405230136552596e-01
7.014287973849316904e-01
7.580007381241102848e-01
7.555754731902778465e-01
7.525175304476195981e-01
7.490378024990773653e-01
7.425001318078768842e-01
7.375968787894764400e-01
7.325354563188696266e-01
7.256814467232561849e-01
7.138187378077713863e-01
7.011124584805188409e-01
6.890915801128275620e-01
7.284230505615015838e-01
7.263141245320819950e-01
7.235197975431011397e-01
7.204618548004428913e-01
7.150313702746876610e-01
7.104444561607001773e-01
7.056993725945062135e-01
6.995834871091896057e-01
6.893551958665049550e-01
6.777033795539620931e-01
6.677387040649549466e-01
