9.534204458109146740e-01
9.526518063028439620e-01
9.518831667947732500e-01
9.432744043043812532e-01
9.409684857801691171e-01
9.338970023059185444e-01
9.117601844734819494e-01
9.063797079169869653e-01
8.925441967717140379e-01
8.863950807071483418e-01
8.707148347425057722e-01
9.504996156802459906e-01
9.497309761721752785e-01
9.489623366641045665e-01
9.405073020753266233e-01
9.382013835511144872e-01
9.317448116833205729e-01
9.102229054573405254e-01
9.048424289008455412e-01
8.910069177555726139e-01
8.848578016910069177e-01
8.691775557263643481e-01
9.432744043043812532e-01
9.425057647963105412e-01
9.417371252882398291e-01
9.335895465026902151e-01
9.312836279784780791e-01
9.254419677171407121e-01
9.046887009992313766e-01
8.993082244427363925e-01
8.854727132974634651e-01
8.793235972328977690e-01
8.636433512682551994e-01
9.386625672559569811e-01
9.378939277478862691e-01
9.371252882398155570e-01
9.291314373558801076e-01
9.268255188316679716e-01
9.215987701767870410e-01
9.011529592621060347e-01
8.962336664104535444e-01
8.823981552651806171e-01
8.762490392006149209e-01
8.605687932359723513e-01
9.275941583397386836e-01
9.268255188316679716e-01
9.260568793235972596e-01
9.183704842428901394e-01
9.160645657186778923e-01
9.114527286702536202e-01
8.913143735588009431e-01
8.867025365103766710e-01
8.731744811683320728e-01
8.670253651037663767e-01
8.513451191391236961e-01
9.200614911606456170e-01
9.192928516525749050e-01
9.185242121445041930e-01
9.109915449654112374e-01
9.086856264411991013e-01
9.046887009992313766e-01
8.848578016910069177e-01
8.802459646425826456e-01
8.671790930053804303e-01
8.611837048424288987e-01
8.455034588777863291e-01
9.026902382782474588e-01
9.019215987701767467e-01
9.011529592621060347e-01
8.939277478862412973e-01
8.916218293620291613e-01
8.879323597232897658e-01
8.688700999231360189e-01
8.642582628747117468e-01
8.511913912375096425e-01
8.458109146810146584e-01
8.302843966179861424e-01
8.767102229054573037e-01
8.759415833973865917e-01
8.751729438893158797e-01
8.681014604150653069e-01
8.657955418908531708e-01
8.624135280553419936e-01
8.442736356648731233e-01
8.398155265180630158e-01
8.267486548808609115e-01
8.213681783243659273e-01
8.064565718677939588e-01
8.439661798616449051e-01
8.431975403535741931e-01
8.424289008455034811e-01
8.355111452728670729e-01
8.332052267486548258e-01
8.301306687163719777e-01
8.129131437355879841e-01
8.095311299000769178e-01
7.966179861644888671e-01
7.912375096079938830e-01
7.763259031514220254e-01
8.219830899308224748e-01
8.212144504227517627e-01
8.204458109146810507e-01
8.164488854727133260e-01
8.141429669485011900e-01
8.116833205226748893e-01
7.949269792467332785e-01
7.918524212144504304e-01
7.832436587240584336e-01
7.781706379707916676e-01
7.632590315142198101e-01
7.752498078401229842e-01
7.744811683320522722e-01
7.737125288239815601e-01
7.704842428900845475e-01
7.681783243658724114e-01
7.664873174481168228e-01
7.500384319754035412e-01
7.469638739431206931e-01
7.417371252882397625e-01
7.378939277478862024e-01
7.240584166026133861e-01
