8.869850528618301588e-01
8.827318021630817801e-01
8.784785514643334015e-01
8.742253007655851338e-01
8.699720500668367551e-01
8.647466277798031564e-01
8.480981893304168073e-01
8.360675659253857805e-01
8.207558634098918171e-01
8.005833029529711986e-01
7.866083363713695098e-01
8.766557297362984613e-01
8.724024790375500826e-01
8.681492283388018150e-01
8.638959776400534363e-01
8.596427269413051686e-01
8.544173046542714589e-01
8.380119091019564426e-01
8.262243285939968596e-01
8.110341475270385070e-01
7.913476728642605540e-01
7.781018349738728634e-01
8.488273180216308056e-01
8.445740673228825379e-01
8.403208166241341592e-01
8.360675659253857805e-01
8.318143152266375129e-01
8.265888929396038032e-01
8.104265402843602306e-01
7.986389597764005366e-01
7.838133430550492387e-01
7.641268683922712857e-01
7.520962449872402589e-01
8.200267347186778188e-01
8.157734840199295512e-01
8.115202333211811725e-01
8.072669826224329048e-01
8.030137319236845261e-01
7.977883096366508164e-01
7.818689998784785766e-01
7.700814193705188826e-01
7.569571029286669139e-01
7.399441001336736212e-01
7.287641268683923146e-01
7.800461781504435255e-01
7.757929274516952578e-01
7.715396767529468791e-01
7.672864260541986114e-01
7.630331753554502328e-01
7.578077530684165231e-01
7.443188722809576108e-01
7.325312917729979167e-01
7.194069753311459481e-01
7.038522299185806519e-01
6.930368209989062889e-01
7.330173775671405823e-01
7.288856483169279254e-01
7.246323976181796578e-01
7.203791469194312791e-01
7.161258962206829004e-01
7.109004739336493017e-01
6.982622432859399986e-01
6.864746627779803045e-01
6.733503463361283359e-01
6.581601652691699833e-01
6.477093206951026749e-01
6.659375379754526314e-01
6.620488516223113074e-01
6.577956009235630397e-01
6.535423502248146610e-01
6.492890995260663933e-01
6.441851986875684055e-01
6.319115323854660460e-01
6.203669947745776847e-01
6.104022359946530418e-01
5.955766192733017439e-01
5.854903390448413791e-01
6.034755134281201139e-01
5.998298699720500116e-01
5.955766192733017439e-01
5.913233685745533652e-01
5.870701178758050975e-01
5.828168671770567189e-01
5.712723295661684686e-01
5.599708348523514401e-01
5.507352047636407955e-01
5.363956738364321630e-01
5.280106938874711275e-01
5.659253858305991480e-01
5.622797423745291567e-01
5.582695345728521108e-01
5.540162838741037321e-01
5.497630331753554644e-01
5.455097824766070858e-01
5.343298092113257791e-01
5.235144002916515271e-01
5.146433345485478261e-01
5.006683679669461373e-01
4.922833880179851573e-01
4.964151172681978141e-01
4.930125167091991556e-01
4.893668732531291643e-01
4.851136225543808411e-01
4.808603718556325179e-01
4.766071211568841948e-01
4.656701907886742209e-01
4.577712966338558509e-01
4.492647952363592045e-01
4.356543930003645704e-01
4.277554988455462559e-01
4.546117389719285251e-01
4.520597885526795312e-01
4.484141450966095399e-01
4.445254587434682159e-01
4.402722080447198927e-01
4.360189573459715695e-01
4.253250698748329284e-01
4.179122615141572239e-01
4.108640174990885741e-01
3.984688297484506037e-01
3.905699355936322892e-01
