8.808000461121678892e-01
8.745172632428381831e-01
8.680039195342671432e-01
8.606836128883509351e-01
8.496743328145714980e-01
8.413165023920686769e-01
8.329586719695659669e-01
8.244855611274425344e-01
8.119199953887832333e-01
7.963571387399850376e-01
7.837339327915153753e-01
8.790131996080465804e-01
8.729609775779584302e-01
8.666781947086287241e-01
8.596460891117643222e-01
8.490402905066574135e-01
8.406824600841547035e-01
8.323246296616519935e-01
8.239667992391492835e-01
8.114588737103003435e-01
7.958960170615021479e-01
7.832728111130324855e-01
8.755547870194247961e-01
8.697907660383883410e-01
8.636232635886794684e-01
8.568793590408668726e-01
8.467346821142428537e-01
8.383768516917401437e-01
8.300190212692374336e-01
8.216611908467347236e-01
8.093261859473168673e-01
7.937633292985186717e-01
7.811401233500490093e-01
8.695025649893365349e-01
8.639691048475416357e-01
8.579168828174534855e-01
8.514611793186926958e-01
8.419505446999827614e-01
8.335927142774799403e-01
8.252348838549772303e-01
8.168770534324745203e-01
8.045996887428670252e-01
7.892097527234999133e-01
7.765865467750302509e-01
8.614905758256959922e-01
8.561300363133321767e-01
8.503083751224854714e-01
8.440255922531557653e-01
8.350337195227390819e-01
8.270217303590985392e-01
8.186638999365957181e-01
8.103060695140930081e-01
7.980287048244855130e-01
7.827540492247391235e-01
7.703037639057006558e-01
8.417199838607412055e-01
8.365323649778084736e-01
8.309989048360135744e-01
8.248314023863047018e-01
8.165312121736123530e-01
8.088074240590236164e-01
8.005648740561415178e-01
7.922070436336388077e-01
7.811977635598593706e-01
7.659807481699233422e-01
7.539339443195572921e-01
8.240244394489596447e-01
8.193555824543201638e-01
8.140526831517667095e-01
8.081157415412991707e-01
8.001037523776586280e-01
7.928410859415527812e-01
7.850596576171536833e-01
7.767018271946509733e-01
7.659807481699233422e-01
7.509942936192287588e-01
7.389474897688627086e-01
8.006801544757622402e-01
7.968182604184679274e-01
7.916306415355351955e-01
7.860971813937402963e-01
7.785463139085826434e-01
7.716294887313389639e-01
7.641939016658020334e-01
7.565853939708340192e-01
7.462101562049685555e-01
7.312237016542739720e-01
7.191768978039080329e-01
7.648855841835264791e-01
7.616000922243356674e-01
7.566430341806443804e-01
7.513401348780909261e-01
7.444233097008473576e-01
7.377946855726554842e-01
7.310507810248428884e-01
7.237881145887371526e-01
7.141621995504063847e-01
7.012507925528849162e-01
6.894921897515706721e-01
7.275923684362211041e-01
7.246527177358925709e-01
7.205026226295463410e-01
7.153726439564239703e-01
7.092627817165254589e-01
7.030952792668165863e-01
6.968701366072972414e-01
6.903567928987262015e-01
6.813072799584990458e-01
6.698368782062367188e-01
6.588275981324571706e-01
6.751974177186005344e-01
6.724883278575134460e-01
6.691451956885122732e-01
6.644763386938727923e-01
6.587123177128364482e-01
6.536399792495244387e-01
6.479912386881088171e-01
6.418237362383999445e-01
6.338693872845697630e-01
6.257997579111187481e-01
6.160585624531673687e-01
