8.817317845828933631e-01
8.770386014314208722e-01
8.723454182799483814e-01
8.641323477648715778e-01
8.582658688255309087e-01
8.488795025225859270e-01
8.405491024287222723e-01
8.142672767804763900e-01
7.900973835503930509e-01
7.801243693535140356e-01
7.635808987445734664e-01
8.758653056435526940e-01
8.711721224920802031e-01
8.664789393406077123e-01
8.582658688255309087e-01
8.527513786225507930e-01
8.440689897923266960e-01
8.360905784348233727e-01
8.102780711017247839e-01
7.861081778716414448e-01
7.761351636747624294e-01
7.600610113809691537e-01
8.696468379678516936e-01
8.649536548163792027e-01
8.602604716649067118e-01
8.520474011498299083e-01
8.466502405256365327e-01
8.384371700105596181e-01
8.309280769682036993e-01
8.055848879502522930e-01
7.814149947201689539e-01
7.714419805232899385e-01
7.557198169658571052e-01
8.576792209315968751e-01
8.529860377801243843e-01
8.482928546286518934e-01
8.400797841135749788e-01
8.347999530681684544e-01
8.269388712894520932e-01
8.200164261410302080e-01
7.953772145957995754e-01
7.722632875747975634e-01
7.622902733779185480e-01
7.469200985568461570e-01
8.393758066408542051e-01
8.346826234893817142e-01
8.299894403379092234e-01
8.217763698228323088e-01
8.164965387774257843e-01
8.088701161562830144e-01
8.021823301654347205e-01
7.782470960929249726e-01
7.572451014900856148e-01
7.472720872932065994e-01
7.322539012084946508e-01
8.234189839258476695e-01
8.187258007743751786e-01
8.140326176229026878e-01
8.058195471078258842e-01
8.005397160624193598e-01
7.931479525988501811e-01
7.868121553443623295e-01
7.633462395869998751e-01
7.426962337205209597e-01
7.327232195236419443e-01
7.189956588055849140e-01
7.972544878563886384e-01
7.925613047049161475e-01
7.878681215534436566e-01
7.811803355625953627e-01
7.759005045171888382e-01
7.687434002111932507e-01
7.626422621142789904e-01
7.404669717235715654e-01
7.201689545934529812e-01
7.101959403965739659e-01
6.964683796785169356e-01
7.573624310688724659e-01
7.526692479173999750e-01
7.479760647659274841e-01
7.415229379326527814e-01
7.362431068872462570e-01
7.293206617388243718e-01
7.234541827994837027e-01
7.025695177754311960e-01
6.826234893816731653e-01
6.726504751847940389e-01
6.611521764636865139e-01
7.194649771207320965e-01
7.147717939692596056e-01
7.100786108177871148e-01
7.037428135632992632e-01
6.984629825178927387e-01
6.917751965270444447e-01
6.859087175877038867e-01
6.661973483515194472e-01
6.466033086941217478e-01
6.366302944972427325e-01
6.256013140912823900e-01
6.669013258242403319e-01
6.626774609879150235e-01
6.579842778364425326e-01
6.517658101607415322e-01
6.464859791153350077e-01
6.400328522820603050e-01
6.341663733427197469e-01
6.153936407368297834e-01
5.965035785521529688e-01
5.865305643552739534e-01
5.756189135281004621e-01
6.212601196761703415e-01
6.177402323125660288e-01
6.130470491610935380e-01
6.070632406429661287e-01
6.017834095975594932e-01
5.955649419218584928e-01
5.896984629825179347e-01
5.716297078493488559e-01
5.534436231373929260e-01
5.434706089405139107e-01
5.325589581133404193e-01
