8.198367484072895950e-01
8.170688542652352337e-01
8.140389727666368369e-01
8.123317805131580194e-01
8.108600575428911439e-01
8.106142044493309662e-01
8.098973952841840296e-01
8.089234348558461685e-01
8.074745458465650838e-01
8.071907228954283697e-01
8.067463090002660042e-01
8.052600129612890179e-01
8.046531760764064067e-01
8.033278358494134741e-01
8.011747059349403344e-01
7.990973439324217109e-01
7.978400072807017018e-01
7.962430027704415769e-01
7.950645399790812196e-01
7.942326319800991907e-01
7.933487184589724794e-01
7.915801742782275774e-01
7.909580597216622211e-01
7.897360527302688116e-01
7.852991600881362722e-01
7.825743754477396674e-01
7.796088419914204426e-01
7.786608788724854735e-01
7.775617977270262715e-01
7.752752591042858521e-01
7.723807560898680036e-01
7.710247836920181008e-01
7.705407486970931030e-01
7.691024990558671393e-01
7.684292563956210964e-01
7.652735122081527619e-01
7.617234627741454878e-01
7.581806157008039726e-01
7.569928701747821176e-01
7.552023221700460143e-01
7.522379477416547555e-01
7.486864368495064204e-01
7.470819560139593252e-01
7.467910618639119757e-01
7.450857548305998002e-01
7.443264968541908333e-01
7.405059013134501766e-01
7.388105993195528409e-01
7.353014314273637053e-01
7.302109129730113279e-01
7.261955484453450627e-01
7.254222076067844416e-01
7.215102849697759835e-01
7.190862950131488018e-01
7.173119235067635380e-01
7.166321763460992145e-01
7.147388890904511349e-01
7.125596691846921571e-01
7.117143958921199332e-01
7.105509143612909195e-01
7.039294462804742691e-01
7.009150021747689863e-01
6.976563110674111057e-01
6.919416593169361862e-01
6.911843979336784738e-01
6.906742417068902906e-01
6.859860214746693607e-01
6.839339882518551406e-01
6.815804420132093311e-01
6.808630064691258976e-01
