9.010393423246993994e-01
8.978261475342718123e-01
8.964272072410811587e-01
8.934866652853400426e-01
8.933244539141208529e-01
8.891474469253293211e-01
8.887705514529937734e-01
8.880136651051494523e-01
8.857759186217084579e-01
8.838096893768150331e-01
8.822486693136710745e-01
8.817031843058036333e-01
8.792383229143383438e-01
8.781514396427858582e-01
8.765298732309976248e-01
8.763306626179765413e-01
8.727593780849460803e-01
8.723760542295763143e-01
8.709600230592496883e-01
8.688533399282055703e-01
8.673326160949520469e-01
8.659499341381836635e-01
8.631367687714175396e-01
8.618925373549598534e-01
8.618116668631199406e-01
8.609083354586798409e-01
8.593695107460794791e-01
8.572195769069920201e-01
8.544335201259014578e-01
8.531513144525481041e-01
8.504145747358509144e-01
8.491387895893199866e-01
8.487281684532745896e-01
8.467695815873510501e-01
8.460287047661882998e-01
8.433184908034494498e-01
8.424207031227834985e-01
8.418703359460868452e-01
8.406478746623926579e-01
8.376054506641334996e-01
8.366847272389499324e-01
8.325449718412649691e-01
8.296282498142790729e-01
8.284376986252706132e-01
8.272914953315351205e-01
8.264097840201772849e-01
8.243326027837567516e-01
8.239473607415885859e-01
8.238424967196730231e-01
8.203560792281880953e-01
8.174935357041804851e-01
8.167090456129476594e-01
8.158905355273875504e-01
8.137076856444576123e-01
8.109145432629213390e-01
8.095888209973580718e-01
8.064118180950654580e-01
8.034358584990037855e-01
8.031739580701088288e-01
8.012296851499756123e-01
7.983748095305769343e-01
7.978731167217969489e-01
7.968216531670342384e-01
7.955145203611851956e-01
7.931719504694169087e-01
7.921878223846128275e-01
7.894019200256406910e-01
7.880124725310466705e-01
7.867745015499877370e-01
7.838067485306354776e-01
