6.431435901047390047e+00
6.448196110178082918e+00
6.490336577887537928e+00
6.536752955995707381e+00
6.643745021868914691e+00
6.779089483205725131e+00
6.922999866167437233e+00
7.080127673028571600e+00
7.309218529005311993e+00
7.564596680319142230e+00
7.955512537885567781e+00
6.714843355532426727e+00
6.730620422821456117e+00
6.769787097821835964e+00
6.811316823852669344e+00
6.908630290193572776e+00
7.037246216984859970e+00
7.174032278378056127e+00
7.324998326644721836e+00
7.533453352207519771e+00
7.775336389950043170e+00
8.149408164584633241e+00
7.282245628014101690e+00
7.296608982955545386e+00
7.333642217178995004e+00
7.370588122183095336e+00
7.459528407503065672e+00
7.578035152807640173e+00
7.707730894021670665e+00
7.852134917906614220e+00
8.048636658481454376e+00
8.276178726275082553e+00
8.624505804570516077e+00
7.828164913592738472e+00
7.841174489567567463e+00
7.876134216395057841e+00
7.908736569687058626e+00
7.990470033738684030e+00
8.100621274954864504e+00
8.224740701042081881e+00
8.362067881612864184e+00
8.541277295453093998e+00
8.711488224975814987e+00
8.995241571120169866e+00
8.375896247230020464e+00
8.388094708756259621e+00
8.420973727707270484e+00
8.451032680260004426e+00
8.525218914681460092e+00
8.625448652588222131e+00
8.743611104164276782e+00
8.851219084098636003e+00
8.978765142189573112e+00
9.111895028271996821e+00
9.348121835170934091e+00
8.848976464883278936e+00
8.860545746171721859e+00
8.891141847274116827e+00
8.917818279170701246e+00
8.985397173137819493e+00
9.069532043876344929e+00
9.151082801646165166e+00
9.237161886696782176e+00
9.325055005587925550e+00
9.430488698888197518e+00
9.604537791154186266e+00
9.252287146597559797e+00
9.263275699400997709e+00
9.291605558175865198e+00
9.316218292499289788e+00
9.379633704607087452e+00
9.440542129789486481e+00
9.492741868649147818e+00
9.558918608555728724e+00
9.626576717074852851e+00
9.708283804230855907e+00
9.840907312272166862e+00
9.676244459104481166e+00
9.686114812797796958e+00
9.712065428181471560e+00
9.732923679043583576e+00
9.779093320641511156e+00
9.817630188210598519e+00
9.856348004110451200e+00
9.902405016063891452e+00
9.948555658705986460e+00
1.001702973306221089e+01
1.012259142534231060e+01
9.989580333143074142e+00
9.998332487726273143e+00
1.002332218799623575e+01
1.004094982916828371e+01
1.007857836835571597e+01
1.010830337045134186e+01
1.013491494588846642e+01
1.017346688082061590e+01
1.020888908114577198e+01
1.026656868549349433e+01
1.033583901972805563e+01
1.028245477638160921e+01
1.029054226561695806e+01
1.031353333996664290e+01
1.032502421574128881e+01
1.035115903601574061e+01
1.037192009464912168e+01
1.038826547112148191e+01
1.041527117715422435e+01
1.044326186604237527e+01
1.049347939764056825e+01
1.054118074805758454e+01
1.046049128899328373e+01
1.046838016849675768e+01
1.048770201700345872e+01
1.049716909600534542e+01
1.051600465312600008e+01
1.052866613869439227e+01
1.053798465784130300e+01
1.056031314667105470e+01
1.058250664596627821e+01
1.062189510544805771e+01
1.065787772929476418e+01
