1.171351145022109286e+01
1.167173991794553345e+01
1.161532664870942000e+01
1.154417764636694343e+01
1.146923270107772375e+01
1.134587191510429882e+01
1.119180836096283826e+01
1.100800456063556432e+01
1.075478943930995612e+01
1.048335363523585073e+01
1.022806852014984003e+01
1.165355369413405562e+01
1.161321790088357098e+01
1.155891681002928095e+01
1.148952596189859499e+01
1.141596871535621638e+01
1.129509341906667252e+01
1.114385449979089593e+01
1.096314038044484285e+01
1.071131568964065117e+01
1.044126145491141422e+01
1.018948773089826076e+01
1.155401716888891883e+01
1.151508694208220973e+01
1.146214139597544701e+01
1.139488835200296890e+01
1.132248029977024650e+01
1.120355166922055901e+01
1.105538947156606255e+01
1.087690145410634912e+01
1.062741596415434664e+01
1.035868149117144554e+01
1.010968655519428872e+01
1.143009819788639803e+01
1.139229861403369526e+01
1.134088870498449175e+01
1.127532400923437628e+01
1.120460298561447843e+01
1.109096708788312569e+01
1.094431436729912832e+01
1.076969008212851797e+01
1.052465467296565471e+01
1.026222496033332909e+01
1.002033398733044933e+01
1.125734914379638774e+01
1.122077799402842757e+01
1.117180363969903389e+01
1.110763576163671829e+01
1.103880426466115949e+01
1.092842237061110389e+01
1.078516724758562795e+01
1.061721759296831991e+01
1.037887252389750081e+01
1.012183632598364191e+01
9.890796877357416861e+00
1.103346618989256989e+01
1.099837316196044767e+01
1.095146914059618481e+01
1.088887085863373549e+01
1.082308463393644438e+01
1.071632383618883821e+01
1.057819991337794896e+01
1.041598590694968252e+01
1.018475433275215103e+01
9.938907859441378889e+00
9.714644860327322107e+00
1.074332719226230459e+01
1.070995245735574919e+01
1.066462902996644502e+01
1.060657696185603882e+01
1.054188906241797774e+01
1.044466616048704921e+01
1.031123535610242037e+01
1.015688739015513065e+01
9.932300492098542932e+00
9.696869165470825891e+00
9.484586984023936296e+00
1.037235051738336011e+01
1.034168876469540699e+01
1.029844169099996698e+01
1.024416214290360649e+01
1.018330862029924511e+01
1.009215385285266642e+01
9.972549388581310126e+00
9.830433576843487842e+00
9.613655616232424705e+00
9.388593429605174734e+00
9.196959357323088113e+00
9.982378732116400144e+00
9.953110884197382546e+00
9.911684563097088230e+00
9.859445861538835842e+00
9.801757050271172389e+00
9.715248885547209667e+00
9.604814437255491555e+00
9.473452015375844582e+00
9.271270149032858399e+00
9.064156323792738945e+00
8.878686353281610266e+00
9.524780218260637810e+00
9.498106229524424293e+00
9.459516795891351748e+00
9.414226667026264650e+00
9.359880264157043328e+00
9.282430917729453057e+00
9.177688737450717227e+00
9.056320722671932444e+00
8.877708865629095669e+00
8.699296174009498728e+00
8.525133418954670361e+00
8.968958872163666385e+00
8.945442028563929782e+00
8.909548488764833962e+00
8.869030457907957299e+00
8.820435657040563981e+00
8.750238771831590157e+00
8.656433594402452414e+00
8.539846739323321501e+00
8.383396307979582573e+00
8.219588791691416318e+00
8.064015143749642789e+00
