8.209964819415471737e-01
8.192261536591455284e-01
8.186832745462383487e-01
8.172079113556703911e-01
8.170490294001377940e-01
8.151264891429891302e-01
8.136474605248337211e-01
8.117365462795461672e-01
8.110950740481835952e-01
8.103644890075032414e-01
8.095689808431884016e-01
8.085457845021593037e-01
8.077532850336632819e-01
8.052165424816107864e-01
8.044898081789786382e-01
8.036699841704492142e-01
8.013807111348584256e-01
8.010532028305200614e-01
8.004815284041423284e-01
7.995274812531408815e-01
