8.209964819415471737e-01
8.192261536591455284e-01
8.186832745462383487e-01
8.172079113556703911e-01
8.170490294001377940e-01
8.151264891429891302e-01
8.136474605248337211e-01
8.117365462795461672e-01
8.110950740481835952e-01
8.103644890075032414e-01
8.095689808431884016e-01
8.085457845021593037e-01
8.077532850336632819e-01
8.052165424816107864e-01
8.044898081789786382e-01
8.036699841704492142e-01
8.013807111348584256e-01
8.010532028305200614e-01
8.004815284041423284e-01
7.995274812531408815e-01
7.990393021161009690e-01
7.972866139014858078e-01
7.967547823282594699e-01
7.962208076455441486e-01
7.947768807315971351e-01
7.941678150316807683e-01
7.926943250252529438e-01
7.911413531432706092e-01
7.897426916467410463e-01
7.884679566095506020e-01
7.881206314968450810e-01
7.867213208094617771e-01
7.866459526825341220e-01
7.852717160566070609e-01
7.836160088765783405e-01
7.827582132455247477e-01
7.819732726831536418e-01
7.809958959448742855e-01
7.807200832518063072e-01
7.799289486499149104e-01
