8.209964819415471737e-01
8.192261536591455284e-01
8.186832745462383487e-01
8.172079113556703911e-01
8.170490294001377940e-01
8.151264891429891302e-01
8.136474605248337211e-01
8.117365462795461672e-01
8.110950740481835952e-01
8.103644890075032414e-01
8.095689808431884016e-01
8.085457845021593037e-01
8.077532850336632819e-01
8.052165424816107864e-01
8.044898081789786382e-01
8.036699841704492142e-01
8.013807111348584256e-01
8.010532028305200614e-01
8.004815284041423284e-01
7.995274812531408815e-01
7.990393021161009690e-01
7.972866139014858078e-01
7.967547823282594699e-01
7.962208076455441486e-01
7.947768807315971351e-01
7.941678150316807683e-01
7.926943250252529438e-01
7.911413531432706092e-01
7.897426916467410463e-01
7.884679566095506020e-01
7.881206314968450810e-01
7.867213208094617771e-01
7.866459526825341220e-01
7.852717160566070609e-01
7.836160088765783405e-01
7.827582132455247477e-01
7.819732726831536418e-01
7.809958959448742855e-01
7.807200832518063072e-01
7.799289486499149104e-01
7.780507812820435243e-01
7.777651665814535598e-01
7.737318992615365154e-01
7.735706062340067524e-01
7.721191573097785366e-01
7.714628431953305387e-01
7.704512399405323286e-01
7.697637518550659586e-01
7.669027023034379331e-01
7.656325907335020942e-01
7.653012651754264040e-01
7.643088579886421208e-01
7.640830737819689356e-01
7.640694144736729365e-01
7.613198883158466268e-01
7.594374530738772222e-01
7.584714454853184185e-01
7.554089463314794806e-01
7.547402085467002086e-01
7.545205210130682127e-01
7.543878494111736499e-01
7.516156150805671787e-01
7.508770076510832281e-01
7.483870299798995873e-01
7.466307803801290888e-01
7.440180867872362436e-01
7.429628351643094986e-01
7.428125791190023364e-01
7.413475381252289109e-01
7.411796178470221319e-01
