6.993736951983298145e-01
6.992131042235426586e-01
6.983459129596916171e-01
6.973823671109683486e-01
6.960334029227557284e-01
6.923719286976072196e-01
6.894812911514373033e-01
6.864621808254376401e-01
6.820941063112253566e-01
6.788501686205234975e-01
6.723301750441624813e-01
6.626947165569294640e-01
6.529307852898666997e-01
6.389593704833788079e-01
6.055564477276377255e-01
6.856592259515015275e-01
6.854986349767142606e-01
6.846956801027782591e-01
6.838606070338847376e-01
6.825758792355869353e-01
6.796852416894170190e-01
6.769873133129917786e-01
6.742893849365665382e-01
6.703067287618436065e-01
6.668700819013971826e-01
6.609282158342700830e-01
6.512927573470370657e-01
6.424602537337401609e-01
6.288742572667416209e-01
5.977838445479364271e-01
6.481451742412076555e-01
6.479845832664203886e-01
6.472137465874417961e-01
6.465071462983780215e-01
6.453508912799100772e-01
6.428135538782719927e-01
6.403083346715914281e-01
6.378994700497832016e-01
6.343022322145495107e-01
6.309940581339328336e-01
6.252770194315079300e-01
6.167014613778705190e-01
6.082864942990203749e-01
5.982656174722980058e-01
5.748835715432792925e-01
6.152240244098281519e-01
6.150634334350409960e-01
6.143568331459772214e-01
6.137144692468283758e-01
6.126866870081901784e-01
6.103741769712541787e-01
6.081259033242332190e-01
6.058455114822547394e-01
6.027942829612975562e-01
5.997751726352978929e-01
5.946362614421069059e-01
5.877950859161714670e-01
5.816605106792998026e-01
5.747872169584069546e-01
5.564798458326641883e-01
5.885338044001927615e-01
5.884053316203629036e-01
5.877308495262566490e-01
5.871206038220652124e-01
5.862534125582142819e-01
5.842299662758952961e-01
5.822065199935763102e-01
5.801830737112574354e-01
5.775493817247471240e-01
5.754616990525132092e-01
5.727958888710454888e-01
5.676248594828970928e-01
5.616508752208125843e-01
5.555805363738557379e-01
5.402922755741127459e-01
5.559017183234302717e-01
5.558374819335153427e-01
5.551629998394089771e-01
5.546812269150473984e-01
5.539746266259836238e-01
5.522081259033242429e-01
5.503773887907499329e-01
5.486108880680905520e-01
5.465874417857716772e-01
5.451742412076441280e-01
5.430544403404529152e-01
5.387184840211980408e-01
5.329372089288582082e-01
5.274771157860927984e-01
5.155291472619238924e-01
5.147261923879877799e-01
5.147261923879877799e-01
5.140838284888389342e-01
5.137305283443071025e-01
5.130881644451581458e-01
5.115786092821583697e-01
5.099084631443713267e-01
5.086879717359884534e-01
5.070820619881162283e-01
5.055082704352015233e-01
5.037417697125421423e-01
5.006905411915850701e-01
4.958085755580536325e-01
4.915689738236710959e-01
4.824795246507146418e-01
4.736149028424602725e-01
4.736149028424602725e-01
4.731010117231411738e-01
4.727798297735667510e-01
4.723301750441625257e-01
4.710775654408222435e-01
4.699213104223542437e-01
4.687650554038862993e-01
4.676409185803757640e-01
4.663240725871206083e-01
4.650714629837803260e-01
4.623735346073550856e-01
4.583266420427172250e-01
4.558214228360366049e-01
4.511642845672073077e-01
4.389914886783362613e-01
4.389914886783362613e-01
4.385739521438895006e-01
4.382527701943150777e-01
4.379315882447406549e-01
4.368716878111449931e-01
4.360366147422514715e-01
4.351373052834430766e-01
4.341416412397623437e-01
4.330817408061666818e-01
4.322787859322306248e-01
4.299983940902521451e-01
4.272362293239119757e-01
4.253733740163802568e-01
4.224827364702103960e-01
4.103741769712542231e-01
4.103741769712542231e-01
4.100208768267223358e-01
4.097639312670627865e-01
4.094427493174883637e-01
4.088646218082543915e-01
4.083186124939778283e-01
4.076762485948289827e-01
4.070660028906375461e-01
4.060382206519993487e-01
4.051389111931909537e-01
4.037899470049783335e-01
4.016701461377870652e-01
4.004496547294041919e-01
3.982977356672555147e-01
3.834912477918741014e-01
3.834912477918741014e-01
3.831700658422996786e-01
3.830094748675124672e-01
3.827204111128954533e-01
3.825598201381082419e-01
3.823992291633210305e-01
3.820780472137466077e-01
3.816283924843423825e-01
3.812750923398104952e-01
3.804400192709169737e-01
3.793801188373213673e-01
3.776778545045768598e-01
3.767785450457684093e-01
3.754938172474707181e-01
3.632246667737273338e-01
3.632246667737273338e-01
3.629356030191103200e-01
3.627750120443231086e-01
3.627107756544082351e-01
3.625823028745784327e-01
3.624217118997912213e-01
3.622611209250040099e-01
3.621005299502167984e-01
3.619399389754295870e-01
3.616187570258551642e-01
3.611369841014934745e-01
3.601413200578127416e-01
3.595310743536213050e-01
3.588244740645575859e-01
3.507306889352818646e-01
3.507306889352818646e-01
3.504737433756223153e-01
3.503131524008350484e-01
3.503131524008350484e-01
3.503131524008350484e-01
3.503131524008350484e-01
3.502489160109201749e-01
3.500883250361329635e-01
3.499277340613457521e-01
3.497671430865585407e-01
3.496065521117713293e-01
3.491568973823671040e-01
3.489963064075798926e-01
3.486751244580054698e-01
3.430865585354103131e-01
3.430865585354103131e-01
3.428617311707082282e-01
3.427653765858358903e-01
3.427653765858358903e-01
3.427653765858358903e-01
3.427653765858358903e-01
3.427653765858358903e-01
3.427653765858358903e-01
3.427653765858358903e-01
3.426047856110486789e-01
3.424763128312188765e-01
3.424763128312188765e-01
3.424763128312188765e-01
3.424763128312188765e-01
3.378834109523045082e-01
3.378834109523045082e-01
3.376907017825598323e-01
3.376264653926449588e-01
3.376264653926449588e-01
3.376264653926449588e-01
3.376264653926449588e-01
3.376264653926449588e-01
3.376264653926449588e-01
3.376264653926449588e-01
3.376264653926449588e-01
3.376264653926449588e-01
3.376264653926449588e-01
3.376264653926449588e-01
3.376264653926449588e-01
