8.241008036201918907e-01
8.208239057501754976e-01
8.188733713037372741e-01
8.127486931419208860e-01
8.075212608254661584e-01
8.013185612857922635e-01
7.972224389482718276e-01
7.910977607864554395e-01
7.838027619567761173e-01
7.757665600374502590e-01
7.688616680970585815e-01
7.549348521494889663e-01
7.272762736989935028e-01
6.982133104470624740e-01
6.478505110400250011e-01
8.304595459155809101e-01
8.274167121791370372e-01
8.255051884216275671e-01
8.197316064601700702e-01
8.144651634547865893e-01
8.083404852929703122e-01
8.042443629554497653e-01
7.981586954825622415e-01
7.909807287196691794e-01
7.828274947335569500e-01
7.753374424592338610e-01
7.613326051338066280e-01
7.336740266833112756e-01
7.030896465631583103e-01
6.501521416868222270e-01
8.416556136381369013e-01
8.388078333463369063e-01
8.368182882109698184e-01
8.312787703830849528e-01
8.259343059998439651e-01
8.198876492158851947e-01
8.157915268783646479e-01
8.097058594054771241e-01
8.026839353982991865e-01
7.944526800343294504e-01
7.861824139814309609e-01
7.716704376999298232e-01
7.420223141140672718e-01
7.040259030974487242e-01
6.499570882421783491e-01
8.454786611531559526e-01
8.427479129281423287e-01
8.407583677927752408e-01
8.354919247873917598e-01
8.301084497152220187e-01
8.241398143091206441e-01
8.200436919716002082e-01
8.139580244987126845e-01
8.071311539361785137e-01
7.986268237497073930e-01
7.893812904735897362e-01
7.743621752360146937e-01
7.445189982055082645e-01
7.062885230553171967e-01
6.511664195989701476e-01
8.433720839510026046e-01
8.407193571038464874e-01
8.388468440352656597e-01
8.342435827416712080e-01
8.288991183584302203e-01
8.229694936412577100e-01
8.188733713037372741e-01
8.127877038308496394e-01
8.060778653351018397e-01
7.974955137707732122e-01
7.882109698057268021e-01
7.726457049231489904e-01
7.435437309822890972e-01
7.044550206756651223e-01
6.483186393071701525e-01
8.386517905906217818e-01
8.361160958102520357e-01
8.343216041195287147e-01
8.298353748927206341e-01
8.246469532651946599e-01
8.188343606148084097e-01
8.146602168994304671e-01
8.083794959818990655e-01
8.018647109307950327e-01
7.926971990325348827e-01
7.827494733556994433e-01
7.670281657174066181e-01
7.383162986658344806e-01
7.007490052274323311e-01
6.446906452367948681e-01
8.337754544745260565e-01
8.313567917609424596e-01
8.294842786923617428e-01
8.254271670437699493e-01
8.202777561051728394e-01
8.147382382772879739e-01
8.104080518061949068e-01
8.041273308886635052e-01
7.979636420379183637e-01
7.898494187407349987e-01
7.800187251306858194e-01
7.644924709370367610e-01
7.362097214636810216e-01
6.985644066474213654e-01
6.414917687446359817e-01
8.228524615744714499e-01
8.205508309276742240e-01
8.186002964812358895e-01
8.148942810330029873e-01
8.104860731840524135e-01
8.051416088008114258e-01
8.010454864632909899e-01
7.947647655457595883e-01
7.887181087618007069e-01
7.806038854646173419e-01
7.707341811656394093e-01
7.555980338612779956e-01
7.273152843879222562e-01
6.903721619723803826e-01
6.340017164703128927e-01
8.112272762736989495e-01
8.090426776936880948e-01
8.070921432472497603e-01
8.034251384879457225e-01
7.991729733947101622e-01
7.944916907232582037e-01
7.907076538971677948e-01
7.846219864242802711e-01
7.789264258406803920e-01
7.707341811656394093e-01
7.606304127330888454e-01
7.459233830069439408e-01
7.180697511118045995e-01
6.818678317859093729e-01
6.265506748849184460e-01
7.912147928532418106e-01
7.891472263400172160e-01
7.871966918935788815e-01
7.843489116017788865e-01
7.801747678864008329e-01
7.763517203713817816e-01
7.726457049231489904e-01
7.671451977841928782e-01
7.617227120230942727e-01
7.535694780369821544e-01
7.436217523601467150e-01
7.307482250136537738e-01
7.036748068970898329e-01
6.683701334165561558e-01
6.163298743855816220e-01
7.616056799563080126e-01
7.597331668877271849e-01
7.577826324412889614e-01
7.551299055941328442e-01
7.514238901458999420e-01
7.482250136537411667e-01
7.451431692283685404e-01
7.398377155340563061e-01
7.347273152843879496e-01
7.268861668097058581e-01
7.172895373332293101e-01
7.049621596317391381e-01
6.813606928298353571e-01
6.505812592650386250e-01
6.005305453694311790e-01
7.266130919872044736e-01
7.249746430521962770e-01
7.230241086057579425e-01
7.208004993368183344e-01
7.173285480221580634e-01
7.147928532417882064e-01
7.123351798392759671e-01
7.079269719903253932e-01
7.028555824295856791e-01
6.952094873995474655e-01
6.865881251462900847e-01
6.758601856908793559e-01
6.556136381368494748e-01
6.284621986424280271e-01
5.839510025747054467e-01
6.785519232269642265e-01
6.771475384255285501e-01
6.753530467348053401e-01
6.733635015994382522e-01
6.700475930404931058e-01
6.678239837715533866e-01
6.654053210579699007e-01
6.612311773425918471e-01
6.572520870718576713e-01
6.505422485761098716e-01
6.427401107903565336e-01
6.331044706249512322e-01
6.160958102520091018e-01
5.923773113833190607e-01
5.566435203245689856e-01
6.273698993524225997e-01
6.260435359288445412e-01
6.245611297495513581e-01
6.229616915034719149e-01
6.204259967231021689e-01
6.184754622766638343e-01
6.162518530077241152e-01
6.134040727159241202e-01
6.106343138019817429e-01
6.042755715065928346e-01
5.983849574783490777e-01
5.901537021143793416e-01
5.747444799875165433e-01
5.553171569009909270e-01
5.281267067176406149e-01
5.573067020363580149e-01
5.560583599906374630e-01
5.546539751892017867e-01
5.533276117656237281e-01
5.512210345634703801e-01
5.498556604509635681e-01
5.479441366934539870e-01
5.454474526020129943e-01
5.429897791995006440e-01
5.381134430834048077e-01
5.342123741905282497e-01
5.301552625419364562e-01
5.202855582429585235e-01
5.111570570336272379e-01
4.890770070999453933e-01
