8.201847903340440116e-01
8.187294818424882825e-01
8.160557755440485117e-01
8.120959826716755980e-01
8.079669678816799872e-01
8.010965580261955044e-01
7.956476122787423666e-01
7.871865163976038415e-01
7.798761295563001461e-01
7.616678512200900641e-01
7.447118150742884080e-01
7.136088266152231796e-01
6.755677395336243674e-01
6.196229735675364836e-01
5.393440958472941471e-01
8.160219311605239056e-01
8.147358445865908738e-01
8.121636714387246991e-01
8.083392561004500987e-01
8.046163739127492054e-01
7.979151859748874198e-01
7.923985514603851810e-01
7.840389887298202520e-01
7.769655125731884660e-01
7.592648999898466977e-01
7.425119301451924558e-01
7.116796967543236319e-01
6.740447422750194262e-01
6.188783971299962605e-01
5.385995194097539240e-01
8.076962128134835828e-01
8.065793481571733592e-01
8.041425525434053867e-01
8.004535147392289884e-01
7.970690763867736006e-01
7.910447761194029370e-01
7.854604528378515971e-01
7.771685788743357692e-01
7.702643246353267914e-01
7.537482654753443478e-01
7.370968287812637021e-01
7.068399499103124040e-01
6.698141943344502192e-01
6.164754458997528941e-01
5.373811216028699933e-01
7.935492605002200106e-01
7.925339289944833832e-01
7.902325109148137239e-01
7.866111618776864267e-01
7.833959454428537361e-01
7.779131553118759923e-01
7.724642095644227435e-01
7.640708024503333196e-01
7.575726808136189483e-01
7.428503739804379613e-01
7.268081361897993364e-01
6.976004332081091608e-01
6.615223203709343913e-01
6.115680102886925651e-01
5.333197955799234835e-01
7.766947575049920616e-01
7.758486479168782424e-01
7.737502961383558864e-01
7.702304802518021853e-01
7.670152638169696058e-01
7.621416725894337718e-01
7.569973262937015335e-01
7.501607608217416567e-01
7.439672386367481849e-01
7.305310183775002297e-01
7.150302907232545246e-01
6.866686973296781682e-01
6.520458929840593498e-01
6.046976004332080823e-01
5.280739161336176490e-01
7.555420178021456934e-01
7.547974413646055813e-01
7.529698446542796297e-01
7.495854063018242419e-01
7.464040342505161574e-01
7.420042643923241421e-01
7.372322063153620153e-01
7.309709953633194424e-01
7.253189833147188903e-01
7.129996277117812697e-01
6.980065658104037674e-01
6.704910820049412301e-01
6.369512979321081403e-01
5.915659796256811376e-01
5.165329813517446356e-01
7.278911564625850650e-01
7.272481131756185491e-01
7.256574271499645068e-01
7.224760550986564223e-01
7.193962161979219339e-01
7.152672014079263230e-01
7.114427860696517225e-01
7.062645953903949891e-01
7.010864047111381447e-01
6.909330896537719813e-01
6.773953362439503190e-01
6.524858699698784514e-01
6.207736826073713132e-01
5.781974481334822835e-01
5.050935797204454403e-01
6.883947608894304127e-01
6.879209395200865940e-01
6.866686973296781682e-01
6.837580803465664880e-01
6.810166852810776161e-01
6.773614918604257129e-01
6.740785866585440322e-01
6.701526381696957246e-01
6.655159576268318000e-01
6.562087521575794558e-01
6.448031949098047555e-01
6.221613023318780522e-01
5.921751785291230474e-01
5.530849155582631127e-01
4.846515720716146891e-01
6.502521406572578933e-01
6.498460080549632867e-01
6.487629877821775581e-01
6.459877483331640802e-01
6.435847971029208248e-01
6.401665143669408309e-01
6.371205198497309485e-01
6.338714590313737629e-01
6.300808880766236575e-01
6.215859478119606374e-01
6.118049209733644744e-01
5.912952245574847332e-01
5.650996717094798338e-01
5.292923139405015798e-01
4.656310285308153385e-01
5.939689308559245040e-01
5.936643314042034936e-01
5.927843774325650683e-01
5.903814262023217019e-01
5.885876738755203563e-01
5.858124344265068784e-01
5.830710393610180065e-01
5.807357768978238521e-01
5.780282262158594753e-01
5.709547500592276892e-01
5.630690086980065789e-01
5.469252377567942469e-01
5.235049243578028255e-01
4.913189156259518686e-01
4.353064608928148282e-01
5.203912410735438421e-01
5.202558635394456399e-01
5.194774427183809218e-01
5.175144684739567680e-01
5.160253155988763218e-01
5.137577419027312686e-01
5.112871019054388011e-01
5.093241276610146473e-01
5.069888651978203820e-01
5.010999424645480316e-01
4.949064202795546152e-01
4.817747994720276150e-01
4.625850340136054561e-01
4.356787491115849398e-01
3.894473212170440068e-01
4.439367786915761060e-01
4.439367786915761060e-01
4.433614241716586912e-01
4.423122482823975132e-01
4.411953836260872341e-01
4.395708532169086413e-01
4.374048126713371842e-01
4.357125934951094903e-01
4.339188411683081448e-01
4.297221376112634328e-01
4.245439469320066439e-01
4.143229431075912683e-01
4.006159677801469088e-01
3.790232510914813835e-01
3.434866483906995893e-01
3.628117913832199504e-01
3.628117913832199504e-01
3.624056587809252883e-01
3.614918604257623680e-01
3.607134396046975944e-01
3.598673300165837752e-01
3.581412664568314752e-01
3.568213354993738928e-01
3.553998713913426033e-01
3.531999864622465957e-01
3.492401935898737375e-01
3.433512708566013316e-01
3.344840423731682000e-01
3.186787152672014289e-01
2.945815141977188856e-01
2.872372829728906396e-01
2.872372829728906396e-01
2.868988391376451341e-01
2.862896402342031132e-01
2.855112194131383951e-01
2.849358648932209803e-01
2.838528446204352518e-01
2.828713574982231749e-01
2.818560259924865474e-01
2.805360950350289095e-01
2.789792533928994733e-01
2.754255931228212773e-01
2.680136731309439302e-01
2.607032862896402348e-01
2.444241378143297005e-01
2.414119876806443965e-01
2.414119876806443965e-01
2.412427657630216160e-01
2.409381663113006333e-01
2.403966561749077691e-01
2.399228348055640059e-01
2.389075032998274062e-01
2.384675263140081936e-01
2.378244830270416499e-01
2.371137509730260329e-01
2.359630419331911755e-01
2.346431109757335653e-01
2.300402748163942190e-01
2.249974616712356601e-01
2.158594781196060408e-01
