8.873165618448637382e-01
8.845213137665968173e-01
8.815863032844164504e-01
8.758909853249475796e-01
8.708245981830887716e-01
8.630677847658979607e-01
8.567085953878407212e-01
8.504542278127183996e-01
8.436408106219427383e-01
8.324248777078965267e-01
8.235849056603773422e-01
8.102026554856743834e-01
7.817610062893082246e-01
7.285464709993011434e-01
6.313766596785465035e-01
8.869671558350803453e-01
8.842417889587700364e-01
8.815513626834381444e-01
8.761705101327742495e-01
8.711390635918937475e-01
8.639412997903563873e-01
8.575821104122990368e-01
8.513277428371768263e-01
8.445492662473794709e-01
8.334032145352899823e-01
8.245632424877707978e-01
8.111809923130678390e-01
7.827393431167015692e-01
7.295248078266945990e-01
6.320055904961565663e-01
8.876659678546471310e-01
8.849755415793151281e-01
8.827742837176799640e-01
8.774982529699510980e-01
8.725366876310272080e-01
8.656184486373165177e-01
8.591893780573025552e-01
8.529350104821803447e-01
8.461565338923829893e-01
8.351153039832285296e-01
8.263102725366876511e-01
8.128232005590496634e-01
7.842068483577917526e-01
7.308176100628930305e-01
6.325995807127882120e-01
8.875262054507337961e-01
8.848707197763800991e-01
8.828791055206149929e-01
8.778476589797344909e-01
8.730607966457023528e-01
8.664220824598183324e-01
8.598881900768693409e-01
8.536338225017470194e-01
8.468553459119496640e-01
8.358141160027952044e-01
8.269741439552760198e-01
8.133822501747030032e-01
7.845911949685534514e-01
7.310621942697413944e-01
6.327393431167016580e-01
8.841719077568134244e-01
8.815513626834381444e-01
8.796645702306079562e-01
8.750174703004891530e-01
8.703354297693920438e-01
8.640810621942697223e-01
8.575471698113207308e-01
8.511180992313067684e-01
8.442348008385743841e-01
8.332285115303983414e-01
8.242138364779874049e-01
8.106568832983926942e-01
7.818658280922431425e-01
7.286163522012578664e-01
6.303284416491963249e-01
8.770440251572326762e-01
8.747030048916841771e-01
8.728860936408106008e-01
8.686233403214534965e-01
8.640111809923131103e-01
8.582459818308875166e-01
8.524458420684836168e-01
8.466457023060797171e-01
8.399371069182389737e-01
8.288958770090845141e-01
8.198812019566736886e-01
8.063242487770789779e-01
7.777078965758210671e-01
7.251572327044024657e-01
6.270090845562543702e-01
8.695317959468903402e-01
8.672955974842767590e-01
8.655136268343815997e-01
8.614605171208944423e-01
8.572327044025157550e-01
8.518867924528301661e-01
8.464011180992313532e-01
8.406009783368273425e-01
8.339972047519217391e-01
8.231656184486373373e-01
8.141509433962264008e-01
8.005939902166316902e-01
7.719776380153738904e-01
7.199161425576520168e-01
6.222921034241788441e-01
8.519916142557651950e-01
8.498951781970649488e-01
8.481830887491265125e-01
8.441649196366177721e-01
8.404262753319357016e-01
8.356743535988818694e-01
8.308176100628931193e-01
8.254018169112509185e-01
8.189028651292802330e-01
8.082459818308874722e-01
7.993710691823899817e-01
7.863032844164919988e-01
7.586303284416492376e-01
7.075471698113207086e-01
6.119496855345911701e-01
8.258211041229909233e-01
8.238294898672257061e-01
8.221872816212438817e-01
8.182040531097134473e-01
8.145352900069880997e-01
8.103773584905660243e-01
8.058350803633822501e-01
8.012928022361984759e-01
7.957023060796645231e-01
7.851502445842069022e-01
7.763102725366876067e-01
7.641858839972047734e-01
7.370370370370370461e-01
6.867575122292103318e-01
5.930118798043326755e-01
7.906359189378057151e-01
7.889238294898672788e-01
7.873165618448637604e-01
7.834381551362683549e-01
7.798043326345213133e-01
7.766946191474493055e-01
7.728860936408106230e-01
7.686932215234102417e-01
7.636967155835080456e-01
7.534940600978337066e-01
7.447239692522711341e-01
7.342068483577917082e-01
7.083158630328442174e-01
6.619846261355695205e-01
5.722571628232006047e-01
7.506289308176100628e-01
7.495457721872815782e-01
7.480782669461915058e-01
7.442697414395527122e-01
7.408805031446540346e-01
7.382948986722571716e-01
7.347658979734451590e-01
7.312718378756114523e-01
7.268343815513627071e-01
7.178546470999300766e-01
7.095737246680643429e-01
6.998951781970650377e-01
6.755415793151642312e-01
6.315863032844164504e-01
5.473794549266247644e-01
6.874563242487771175e-01
6.864081062194269389e-01
6.852550663871418424e-01
6.816911250873515238e-01
6.787211740041928509e-01
6.763102725366876289e-01
6.734800838574424020e-01
6.702306079664570593e-01
6.667714884696016586e-01
6.593291404612159345e-01
6.519916142557652394e-01
6.435359888190076427e-01
6.211390635918937475e-01
5.819007686932214929e-01
5.071278825995807482e-01
6.007686932215233755e-01
5.998252969951083369e-01
5.987421383647798523e-01
5.957721872816212905e-01
5.939902166317260201e-01
5.917190775681341330e-01
5.889937106918239351e-01
5.865129280223619901e-01
5.838923829489867101e-01
5.783018867924528683e-01
5.729559748427672794e-01
5.663172606568832590e-01
5.479035639412997982e-01
5.147449336128581132e-01
4.543675751222920889e-01
5.162473794549266026e-01
5.154786862334032049e-01
5.143955276030747203e-01
5.117400419287211344e-01
5.103424178895876739e-01
5.087700908455625726e-01
5.064290705800139625e-01
5.039482879105520174e-01
5.014325646401117664e-01
4.974143955276030815e-01
4.933612858141159796e-01
4.875262054507337739e-01
4.729909154437456076e-01
4.469601677148846708e-01
3.997204751921732968e-01
4.018518518518518490e-01
4.011180992313067573e-01
4.002096436058700246e-01
3.986373165618448677e-01
3.972396925227114073e-01
3.958420684835778913e-01
3.940950384346610935e-01
3.923480083857442402e-01
3.903913347309573845e-01
3.872816212438853767e-01
3.841369671558350629e-01
3.797693920335429851e-01
3.711740041928721090e-01
3.584206848357791575e-01
3.280573025856044489e-01
