8.524361690266473168e-01
8.524361690266473168e-01
8.524361690266473168e-01
8.524361690266473168e-01
8.523804214516668143e-01
8.521016835767644126e-01
8.487568290779351488e-01
8.452447318541643773e-01
8.369383431820716090e-01
8.341509644330471485e-01
8.268480321106032038e-01
8.161444977143493817e-01
8.097892741665737582e-01
7.872672538744565074e-01
7.338610770431486241e-01
8.509867320771546950e-01
8.509867320771546950e-01
8.509867320771546950e-01
8.509867320771546950e-01
8.509867320771546950e-01
8.507637417772326849e-01
8.474188872784034210e-01
8.441855279295350512e-01
8.362136247073251871e-01
8.343739547329691586e-01
8.272382651354666105e-01
8.165347307392128995e-01
8.101795071914371649e-01
7.879362247742223158e-01
7.345300479429144325e-01
8.395584792061545620e-01
8.395584792061545620e-01
8.395584792061545620e-01
8.395584792061545620e-01
8.395584792061545620e-01
8.394469840561935570e-01
8.368825956070911065e-01
8.345411974579105552e-01
8.270152748355446004e-01
8.256215854610324811e-01
8.187646337384323347e-01
8.079496041922176186e-01
8.015386330694614925e-01
7.805217973018173661e-01
7.273943583454119954e-01
8.198238376630616608e-01
8.198238376630616608e-01
8.198238376630616608e-01
8.198238376630616608e-01
8.198238376630616608e-01
8.198238376630616608e-01
8.176496822388226171e-01
8.151967889396811717e-01
8.080053517671981211e-01
8.063886720927639917e-01
8.004794291448321664e-01
7.888281859739101343e-01
7.825844575760954047e-01
7.638532723826513271e-01
7.116735422009142775e-01
7.876574868993199141e-01
7.876574868993199141e-01
7.876574868993199141e-01
7.876574868993199141e-01
7.876574868993199141e-01
7.876574868993199141e-01
7.859850596499052822e-01
7.836436615007247308e-01
7.776229234028320114e-01
7.762292340283197811e-01
7.715464377299587895e-01
7.605084178838220632e-01
7.549336603857732531e-01
7.374289218418998981e-01
6.899319879585238402e-01
7.447876017393243453e-01
7.447876017393243453e-01
7.447876017393243453e-01
7.447876017393243453e-01
7.447876017393243453e-01
7.447876017393243453e-01
7.435611550897536226e-01
7.420002229902998847e-01
7.368714460920949838e-01
7.357007470175047636e-01
7.319656594938119820e-01
7.212621250975582710e-01
7.160218530493923650e-01
7.011372505296019630e-01
6.555914817705429387e-01
7.013044932545434706e-01
7.013044932545434706e-01
7.013044932545434706e-01
7.013044932545434706e-01
7.013044932545434706e-01
7.013044932545434706e-01
7.003010369048946471e-01
6.991860854052848184e-01
6.945032891069238268e-01
6.945590366819043293e-01
6.917159103578994772e-01
6.823503177611773829e-01
6.778347641877577878e-01
6.649570743672650330e-01
6.235366261567621970e-01
6.446092094993868260e-01
6.446092094993868260e-01
6.446092094993868260e-01
6.446092094993868260e-01
6.446092094993868260e-01
6.446092094993868260e-01
6.438844910246404041e-01
6.429925298249525856e-01
6.390344520013379048e-01
6.390901995763184074e-01
6.364143159772549518e-01
6.279964321552012896e-01
6.250418106812353214e-01
6.137808005351766960e-01
5.788270710224104887e-01
5.789385661723714938e-01
5.789385661723714938e-01
5.789385661723714938e-01
5.789385661723714938e-01
5.789385661723714938e-01
5.789385661723714938e-01
5.786040807224885896e-01
5.778236146727617761e-01
5.754822165235812248e-01
5.757052068235031239e-01
5.731965659493811760e-01
5.652804103021518145e-01
5.627160218530493641e-01
5.530159438064443655e-01
5.259226223659271282e-01
5.189541754933660878e-01
5.189541754933660878e-01
5.189541754933660878e-01
5.189541754933660878e-01
5.189541754933660878e-01
5.189541754933660878e-01
5.187869327684245802e-01
5.181179618686586608e-01
5.162782918943026322e-01
5.162782918943026322e-01
5.145501170699074978e-01
5.091426022968000842e-01
5.068569517226000354e-01
4.995540194001560907e-01
4.766975136581558803e-01
4.571301148400044867e-01
4.571301148400044867e-01
4.571301148400044867e-01
4.571301148400044867e-01
4.571301148400044867e-01
4.571301148400044867e-01
4.571301148400044867e-01
4.568513769651020295e-01
4.554019400156092967e-01
4.550674545657263925e-01
4.535065224662727101e-01
4.497714349425799840e-01
4.477645222432823924e-01
4.418552792953506780e-01
4.247407737763407298e-01
3.863306946147842535e-01
3.863306946147842535e-01
3.863306946147842535e-01
3.863306946147842535e-01
3.863306946147842535e-01
3.863306946147842535e-01
3.863306946147842535e-01
3.863306946147842535e-01
3.857732188649793947e-01
3.855502285650574401e-01
3.846582673653696216e-01
3.823726167911695728e-01
3.805329468168134888e-01
3.764076262682573559e-01
3.631397034229010834e-01
3.282974690600958811e-01
3.282974690600958811e-01
3.282974690600958811e-01
3.282974690600958811e-01
3.282974690600958811e-01
3.282974690600958811e-01
3.282974690600958811e-01
3.282974690600958811e-01
3.281302263351544291e-01
3.278514884602519719e-01
3.272940127104471131e-01
3.265692942357007467e-01
3.256215854610324256e-01
3.232244397368714273e-01
3.113502062660274405e-01
2.711004571301148247e-01
2.711004571301148247e-01
2.711004571301148247e-01
2.711004571301148247e-01
2.711004571301148247e-01
2.711004571301148247e-01
2.711004571301148247e-01
2.711004571301148247e-01
2.711004571301148247e-01
2.711004571301148247e-01
2.710447095551343777e-01
2.710447095551343777e-01
2.702084959304270062e-01
2.684803211060318717e-01
2.597279518340951943e-01
2.235477756717582920e-01
2.235477756717582920e-01
2.235477756717582920e-01
2.235477756717582920e-01
2.235477756717582920e-01
2.235477756717582920e-01
2.235477756717582920e-01
2.235477756717582920e-01
2.235477756717582920e-01
2.235477756717582920e-01
2.235477756717582920e-01
2.235477756717582920e-01
2.233805329468168122e-01
2.228230571970119256e-01
2.213736202475192205e-01
