8.425668716252068258e-01
8.396329473454228198e-01
8.359499360154811765e-01
8.313305658728424863e-01
8.274602827803614336e-01
8.213427385374075795e-01
8.185024501388932228e-01
8.168794281968850823e-01
8.121039982521301992e-01
8.031149536502387720e-01
7.924404631854926606e-01
7.748681294672118414e-01
7.484628109491556769e-01
6.938418802084959092e-01
6.184962077468085795e-01
8.420050563375885977e-01
8.394144636224600831e-01
8.358563001342114163e-01
8.313305658728424863e-01
8.274914947407846499e-01
8.213739504978307959e-01
8.185336620993164392e-01
8.166609444739224566e-01
8.117918786478979243e-01
8.028340460064297135e-01
7.921283435812603857e-01
7.743063141795936133e-01
7.478697837011142324e-01
6.932800649208776811e-01
6.179343924591903514e-01
8.418489965354724047e-01
8.395080995037298432e-01
8.360123599363276092e-01
8.316426854770747612e-01
8.278348263054402523e-01
8.217172820624863983e-01
8.185336620993164392e-01
8.164736727113830472e-01
8.114173351228191056e-01
8.024595024813508948e-01
7.922219794625300349e-01
7.743375261400168297e-01
7.477137238989981505e-01
6.934673366834170904e-01
6.179656044196135678e-01
8.412871812478541766e-01
8.391959798994974573e-01
8.356690283716720069e-01
8.315178376353818956e-01
8.277724023845938195e-01
8.216548581416398545e-01
8.183776022972002462e-01
8.155997378195324332e-01
8.103561284684290822e-01
8.009613283810356199e-01
7.901619900745965319e-01
7.714348138206560401e-01
7.445301039358281914e-01
6.904085645619401079e-01
6.157183432691407665e-01
8.394456755828834105e-01
8.374481101157963403e-01
8.340460064296638665e-01
8.300508754954898372e-01
8.264302880863947376e-01
8.203439558038639889e-01
8.169730640781547315e-01
8.139142919566777490e-01
8.071725085052592341e-01
7.967477137238989648e-01
7.859795873778832043e-01
7.671899872030962797e-01
7.402852773182683199e-01
6.864446455881894060e-01
6.128780548706264097e-01
8.294890602078716091e-01
8.275539186616310827e-01
8.243702986984612346e-01
8.204063797247105327e-01
8.170042760385779479e-01
8.110427915977402868e-01
8.069852367427198248e-01
8.031773775710852048e-01
7.964980180405131227e-01
7.864165548238084558e-01
7.758981241611785373e-01
7.571709479072380455e-01
7.307344174287586647e-01
6.787977152844970608e-01
6.062299073004775440e-01
8.168794281968850823e-01
8.149442866506445560e-01
8.120415743312837664e-01
8.081712912388027137e-01
8.048940353943631054e-01
7.990261868347950935e-01
7.947813602172352221e-01
7.904116857579824851e-01
7.838571740691032685e-01
7.743687381004400461e-01
7.641312150816192972e-01
7.465900933237616943e-01
7.203096226473985064e-01
6.714004806641905576e-01
6.006741783451418071e-01
7.921907675021068185e-01
7.903492618371359413e-01
7.876026093198913447e-01
7.840132338712194615e-01
7.809544617497424790e-01
7.752738849527138765e-01
7.711539061768469816e-01
7.667842317175941336e-01
7.604169917912544374e-01
7.513030993476700337e-01
7.417210274977371620e-01
7.257717157214644832e-01
7.008021473828771608e-01
6.565435875027310075e-01
5.879709104528855201e-01
7.653796934985486189e-01
7.636318237148475019e-01
7.608539592371796889e-01
7.575454914323168643e-01
7.545803551921096419e-01
7.491806860388900979e-01
7.453416149068322616e-01
7.410031524080027410e-01
7.349168201254721033e-01
7.261462592465433019e-01
7.174069103280377169e-01
7.018945659976902895e-01
6.782046880364556163e-01
6.371921720403258549e-01
5.727082618059240460e-01
7.261774712069665183e-01
7.246168731858048107e-01
7.218702206685602141e-01
7.187178126658135824e-01
7.159399481881456584e-01
7.106963388370423074e-01
7.071381753487936406e-01
7.028309248103873363e-01
6.970567121320889736e-01
6.887543306595087511e-01
6.808264927120072363e-01
6.661256593526639902e-01
6.465245482068728844e-01
6.101626143138050296e-01
5.504541340241581038e-01
6.793907425325385052e-01
6.781734760760322889e-01
6.755204594400574525e-01
6.728050188832360723e-01
6.702768500889541015e-01
6.652829364212365926e-01
6.618808327351041187e-01
6.577296419988138965e-01
6.527045163706732822e-01
6.455569774337526212e-01
6.385342863385249368e-01
6.254252629607666147e-01
6.082274727675645032e-01
5.775773276319485783e-01
5.229563968912886995e-01
6.267673772589655856e-01
6.256125347233060241e-01
6.232404257311401352e-01
6.206810449764349480e-01
6.180904522613065444e-01
6.134710821186678542e-01
6.101938262742282459e-01
6.062611192609007604e-01
6.017978089203782632e-01
5.958051125191172748e-01
5.898436280782796137e-01
5.792627734948032625e-01
5.668404132463560341e-01
5.400293392427978345e-01
4.916508005867848419e-01
5.488311120821498523e-01
5.477699054277599400e-01
5.462717313274446651e-01
5.441805299790879458e-01
5.418708449077687117e-01
5.375635943693622965e-01
5.346296700895782905e-01
5.312275664034458167e-01
5.273572833109647640e-01
5.233621523767907346e-01
5.189300539966915649e-01
5.127188738724679506e-01
5.034801335871905703e-01
4.804457067948437743e-01
4.437092293766971562e-01
4.729548362932675665e-01
4.718624176784543822e-01
4.706763631823714933e-01
4.689597053590935927e-01
4.672742594962389640e-01
4.642154873747619814e-01
4.616873185804800661e-01
4.586597584194263000e-01
4.555385623771028847e-01
4.523861543743562530e-01
4.492025344111863494e-01
4.452698273978588639e-01
4.387465276694029193e-01
4.227035800118605358e-01
3.960797777708418010e-01
3.939885764224850817e-01
3.928649458472486811e-01
3.917101033115890085e-01
3.903679890133899266e-01
3.890570866756141166e-01
3.868722494459876926e-01
3.848746839789007335e-01
3.823777271450419790e-01
3.798807703111832246e-01
3.772901775960548210e-01
3.749180686038889876e-01
3.722650519679140957e-01
3.681762851524704172e-01
3.596242079965042415e-01
3.417709666344143082e-01
