2.500000000000000000e+03
2.500000000000000000e+03
2.500000000000000000e+03
2.500000000000000000e+03
2.500000000000000000e+03
2.500000000000000000e+03
2.500000000000000000e+03
2.500000000000000000e+03
2.500000000000000000e+03
2.500000000000000000e+03
2.500000000000000000e+03
2.500000000000000000e+03
2.500000000000000000e+03
2.500000000000000000e+03
2.500000000000000000e+03
2.500000000000000000e+03
2.500000000000000000e+03
2.500000000000000000e+03
2.500000000000000000e+03
2.500000000000000000e+03
2.500000000000000000e+03
2.500000000000000000e+03
2.500000000000000000e+03
2.500000000000000000e+03
2.500000000000000000e+03
2.500000000000000000e+03
2.500000000000000000e+03
2.500000000000000000e+03
2.500000000000000000e+03
2.500000000000000000e+03
2.500000000000000000e+03
2.500000000000000000e+03
2.500000000000000000e+03
2.500000000000000000e+03
2.500000000000000000e+03
2.500000000000000000e+03
2.500000000000000000e+03
2.500000000000000000e+03
2.500000000000000000e+03
2.500000000000000000e+03
2.500000000000000000e+03
2.500000000000000000e+03
2.500000000000000000e+03
2.500000000000000000e+03
2.500000000000000000e+03
2.500000000000000000e+03
2.500000000000000000e+03
2.500000000000000000e+03
2.500000000000000000e+03
2.500000000000000000e+03
2.500000000000000000e+03
2.500000000000000000e+03
2.500000000000000000e+03
2.500000000000000000e+03
2.500000000000000000e+03
2.500000000000000000e+03
2.500000000000000000e+03
2.500000000000000000e+03
2.500000000000000000e+03
2.500000000000000000e+03
2.500000000000000000e+03
2.500000000000000000e+03
2.500000000000000000e+03
2.500000000000000000e+03
2.500000000000000000e+03
2.500000000000000000e+03
2.500000000000000000e+03
2.500000000000000000e+03
2.500000000000000000e+03
2.500000000000000000e+03
2.500000000000000000e+03
2.500000000000000000e+03
2.500000000000000000e+03
2.500000000000000000e+03
2.500000000000000000e+03
2.500000000000000000e+03
2.500000000000000000e+03
2.500000000000000000e+03
2.500000000000000000e+03
2.500000000000000000e+03
2.500000000000000000e+03
2.500000000000000000e+03
2.500000000000000000e+03
2.500000000000000000e+03
2.500000000000000000e+03
2.500000000000000000e+03
2.500000000000000000e+03
2.500000000000000000e+03
3.857546057666216257e+03
3.953675747458749356e+03
4.052085782087793632e+03
4.094986079936823444e+03
4.109605909566451373e+03
4.119504312603467042e+03
4.138335782753780222e+03
4.153762552680296722e+03
4.164696239028318814e+03
4.174917369298502308e+03
4.183668263638815915e+03
4.180235095422026461e+03
4.171138854993703717e+03
4.136262971511310752e+03
4.041542486391420425e+03
3.976301929787166955e+03
3.965965576557775421e+03
3.984373557336802151e+03
4.008199110694043156e+03
3.997057546672071112e+03
3.966259616815116715e+03
3.934294049251544493e+03
3.909382872141484313e+03
3.898262981863495042e+03
3.883295291956353594e+03
3.876029536253568040e+03
3.863606380088195237e+03
3.834679127778204020e+03
3.759597181876666582e+03
3.709766860899592302e+03
3.668035105894025946e+03
3.655593503943283849e+03
3.664014879154893151e+03
3.687382966984350332e+03
3.720326877365866039e+03
3.733744496167056695e+03
3.725561637115357371e+03
3.705557885781220193e+03
3.688967686383775799e+03
3.681237984873271216e+03
3.681004634888412511e+03
3.679601217730069948e+03
3.679890123387575386e+03
3.682143117807050203e+03
3.684283755953071250e+03
3.687219003791948580e+03
3.688739237950961979e+03
3.687493623190984636e+03
3.683366081144689815e+03
3.683794811193837631e+03
3.686822864858821504e+03
3.684578605027601498e+03
3.687036103447976529e+03
3.689493978625646832e+03
3.696576024694372791e+03
3.690573291503792461e+03
3.694772831711261915e+03
3.705702610317249764e+03
3.711650395390267931e+03
3.709420436779721967e+03
3.712688924595688604e+03
3.710017648785111305e+03
3.708611844152460890e+03
3.708338946803830822e+03
3.717215156975291393e+03
3.725262740674835186e+03
3.724330098884149265e+03
3.738389706196503084e+03
3.741885509017500226e+03
3.743338814627011288e+03
3.740392512345935756e+03
3.736328223078623523e+03
3.717128579311937756e+03
3.697872344833507668e+03
3.670586432435879942e+03
3.646370020372027739e+03
3.641651333929189150e+03
3.661246825680163056e+03
3.692194651591937145e+03
3.762683964582659883e+03
3.712417471211745124e+03
2.500000000000000000e+03
2.500000000000000000e+03
2.500000000000000000e+03
2.500000000000000000e+03
2.500000000000000000e+03
2.500000000000000000e+03
2.500000000000000000e+03
2.500000000000000000e+03
2.500000000000000000e+03
2.500000000000000000e+03
2.500000000000000000e+03
2.500000000000000000e+03
2.500000000000000000e+03
2.500000000000000000e+03
2.500000000000000000e+03
2.500000000000000000e+03
2.500000000000000000e+03
2.500000000000000000e+03
2.500000000000000000e+03
2.500000000000000000e+03
2.500000000000000000e+03
2.500000000000000000e+03
2.500000000000000000e+03
2.500000000000000000e+03
2.500000000000000000e+03
2.500000000000000000e+03
2.500000000000000000e+03
2.500000000000000000e+03
2.500000000000000000e+03
2.500000000000000000e+03
2.500000000000000000e+03
2.500000000000000000e+03
2.500000000000000000e+03
2.500000000000000000e+03
2.500000000000000000e+03
2.500000000000000000e+03
3.858156786971600013e+03
3.884444960432269454e+03
3.944356196537362393e+03
3.933993117627896481e+03
3.977163338105549883e+03
4.004053754714038860e+03
3.997478154807983174e+03
3.980964589954800431e+03
3.976086037242567727e+03
3.962934641882954566e+03
3.941533605669830649e+03
3.903126140467099049e+03
3.858830127579317377e+03
3.761152859736228493e+03
3.718995736819855665e+03
3.775215741861634797e+03
3.784078874040875235e+03
3.757598121579753752e+03
3.716691625964911964e+03
3.693457768639189908e+03
3.663660826756646657e+03
3.632041104225779236e+03
3.602625521632337495e+03
3.579494128824635482e+03
3.552372745115374983e+03
3.502073808086038298e+03
3.436070426048962872e+03
3.365187140662387264e+03
3.316364301410014832e+03
3.297423715224315401e+03
3.280096513561455140e+03
3.299504892846076928e+03
3.338812098289923597e+03
3.375754503296298935e+03
3.388074098102391872e+03
3.377829049371958263e+03
3.355709030610720220e+03
3.339504217689255256e+03
3.328017232489262824e+03
3.320037240661858959e+03
3.316349683216458743e+03
3.314628536538012213e+03
3.314461134309137378e+03
3.313780257330165568e+03
3.312583910193679458e+03
3.311265279150749848e+03
3.306256278476593252e+03
3.303169293505308360e+03
3.302270658944624302e+03
3.300380289659153732e+03
3.300586829446833235e+03
3.304834376280710330e+03
3.311017284035910052e+03
3.311327967499576062e+03
3.315204543957768237e+03
3.315552300622773600e+03
3.317683463150106945e+03
3.315889651137540113e+03
3.318288036897632992e+03
3.321471720084704430e+03
3.324951034885350055e+03
3.324726438073000736e+03
3.326372679835129475e+03
3.328784498086133681e+03
3.333860574534179250e+03
3.333296981548972781e+03
3.338271144642518266e+03
3.340324825875215993e+03
3.347391222662086420e+03
3.352072807434494280e+03
3.358215912498294529e+03
3.366927069665312956e+03
3.378705362954882730e+03
3.382412655256777271e+03
3.381520012222787955e+03
3.390702756220669016e+03
3.369615626625263758e+03
3.338241404708386654e+03
3.318570736757214945e+03
3.337935887520267897e+03
3.321733548947785494e+03
3.337934145108773919e+03
2.500000000000000000e+03
2.500000000000000000e+03
2.500000000000000000e+03
2.500000000000000000e+03
2.500000000000000000e+03
2.500000000000000000e+03
2.500000000000000000e+03
2.500000000000000000e+03
2.500000000000000000e+03
2.500000000000000000e+03
3.420741671901169411e+03
2.500000000000000000e+03
2.500000000000000000e+03
2.500000000000000000e+03
2.500000000000000000e+03
2.500000000000000000e+03
2.500000000000000000e+03
2.500000000000000000e+03
2.500000000000000000e+03
2.500000000000000000e+03
2.500000000000000000e+03
2.500000000000000000e+03
2.500000000000000000e+03
2.500000000000000000e+03
2.500000000000000000e+03
2.500000000000000000e+03
2.500000000000000000e+03
2.500000000000000000e+03
2.500000000000000000e+03
2.500000000000000000e+03
2.500000000000000000e+03
2.500000000000000000e+03
2.500000000000000000e+03
2.500000000000000000e+03
2.500000000000000000e+03
2.500000000000000000e+03
2.500000000000000000e+03
2.500000000000000000e+03
2.500000000000000000e+03
2.500000000000000000e+03
2.500000000000000000e+03
2.500000000000000000e+03
2.500000000000000000e+03
2.500000000000000000e+03
2.500000000000000000e+03
2.500000000000000000e+03
2.500000000000000000e+03
2.500000000000000000e+03
3.745633521492485215e+03
3.788369908125167058e+03
3.794104883812727167e+03
3.815193650251579129e+03
3.826449098129033700e+03
3.846767706364583319e+03
3.870707168180240842e+03
3.901078020897561146e+03
3.933896441503449751e+03
3.957069888301661194e+03
3.982481830476193863e+03
4.004775819249264714e+03
3.987421616613870356e+03
3.942768298538569070e+03
3.901547588199760412e+03
3.883562484096225489e+03
3.879108198573451773e+03
3.912549307397111079e+03
3.957262579110224578e+03
4.005334056795755714e+03
4.068317306741409084e+03
4.092237232217177734e+03
4.094462290303398731e+03
4.097209697167128979e+03
4.103524552056982429e+03
4.105440234107116339e+03
4.103746715478255283e+03
4.083274306245547905e+03
4.059729789754125704e+03
4.019716408221074289e+03
3.989612579940861906e+03
3.979967474482200487e+03
3.955267094902153985e+03
3.931238910752634183e+03
3.899742149829334267e+03
3.897930683808309368e+03
3.889209635451639770e+03
3.877546769664269959e+03
3.861175744013909025e+03
3.866119105174200740e+03
3.855209177228276531e+03
3.862501617555242774e+03
3.856814299844218112e+03
3.848183071815035419e+03
3.845084155644148268e+03
3.845553561272311526e+03
3.847682114306600852e+03
3.854181989143868577e+03
3.855898244643298312e+03
3.864685649963684682e+03
3.862264252490350827e+03
3.858988750179692033e+03
3.852718828573795690e+03
3.848679251348857179e+03
3.843088876131937468e+03
3.830433132793245477e+03
3.841474507183955211e+03
3.843900978567980019e+03
3.817092419876927124e+03
3.819694814895462514e+03
3.834448007007074011e+03
3.837124090545537911e+03
3.839960703931349599e+03
3.838148581295743497e+03
3.837507063286007451e+03
3.832985083589988790e+03
3.833535367092706110e+03
3.831401505366996844e+03
3.829187607190805920e+03
3.827248965490095543e+03
3.826187963333522930e+03
3.818100725139494443e+03
3.803762035700328852e+03
3.795274411359970145e+03
3.777382483833487186e+03
3.761374679074410324e+03
3.732786294657707003e+03
3.703168283357325890e+03
3.668746081221096574e+03
3.645331149021128113e+03
3.627889686102528231e+03
3.631318672995504130e+03
3.653409189690423318e+03
3.679892370696640683e+03
3.697369830062650180e+03
3.712223779041602029e+03
3.713995074624675453e+03
3.705147599430824357e+03
3.694310343285296312e+03
3.680732455581362046e+03
3.634928342454144968e+03
3.561806951188697894e+03
3.506197303943185489e+03
3.482700043447804546e+03
3.475841382979373975e+03
3.453056940013394524e+03
3.425232729740254399e+03
2.500000000000000000e+03
2.500000000000000000e+03
2.500000000000000000e+03
2.500000000000000000e+03
3.663687223376213751e+03
3.651058223301302860e+03
3.589395049369596109e+03
3.602261999867464510e+03
3.617213567960101955e+03
3.631504823975192721e+03
3.640486422664206202e+03
3.643202913284304032e+03
3.642851257548955800e+03
3.649821361507586971e+03
3.652210543845666052e+03
3.654185811859187197e+03
3.660562719743868456e+03
3.665880860178480361e+03
3.664034672608976507e+03
3.634871204707243123e+03
3.468633599366416092e+03
3.373007050984027956e+03
3.620520719299711800e+03
2.500000000000000000e+03
2.500000000000000000e+03
2.500000000000000000e+03
2.500000000000000000e+03
2.500000000000000000e+03
3.644851090749897139e+03
3.570645110731910790e+03
3.554139867258630147e+03
3.484970406784555507e+03
3.435327274413563828e+03
3.424297016945929954e+03
3.417869026699710957e+03
3.381972397218899914e+03
3.351767252263876344e+03
3.324802560971536423e+03
3.314795039653059121e+03
3.309444937146135089e+03
3.288449938686018868e+03
3.268969756695042634e+03
3.249913060301333189e+03
3.232942650183229489e+03
3.227990083556711852e+03
3.215799298008892038e+03
3.205100304826484262e+03
3.196845376375368232e+03
3.190869778239384686e+03
3.188012459295039662e+03
3.194024554599909607e+03
3.200628977735798344e+03
3.198177701543229432e+03
3.180396978369343742e+03
3.183102072132513968e+03
3.158787669345241284e+03
3.125021034064923242e+03
3.010310686497341976e+03
2.500000000000000000e+03
2.500000000000000000e+03
2.500000000000000000e+03
2.500000000000000000e+03
2.500000000000000000e+03
2.500000000000000000e+03
2.500000000000000000e+03
2.500000000000000000e+03
2.500000000000000000e+03
2.500000000000000000e+03
2.500000000000000000e+03
2.500000000000000000e+03
2.500000000000000000e+03
2.500000000000000000e+03
2.500000000000000000e+03
2.500000000000000000e+03
2.500000000000000000e+03
2.500000000000000000e+03
2.500000000000000000e+03
2.500000000000000000e+03
2.500000000000000000e+03
3.051996704416740158e+03
2.500000000000000000e+03
2.500000000000000000e+03
2.500000000000000000e+03
2.500000000000000000e+03
2.500000000000000000e+03
2.500000000000000000e+03
2.500000000000000000e+03
2.500000000000000000e+03
2.500000000000000000e+03
2.500000000000000000e+03
2.500000000000000000e+03
2.500000000000000000e+03
2.500000000000000000e+03
3.696986324290183347e+03
3.769169207429056769e+03
3.747432086488656296e+03
3.702072391050826354e+03
3.695924767810564390e+03
3.710972880086368150e+03
3.701855953474017497e+03
3.715103867254259512e+03
3.723378824302168141e+03
3.738010044926825685e+03
3.753204188208214418e+03
3.772191531088848024e+03
3.784080220619311149e+03
3.795679747303759996e+03
3.818885792743465117e+03
3.835040600824047033e+03
3.852707550209205692e+03
3.869053158844129939e+03
3.883037506003409362e+03
3.904934154606435641e+03
3.933452685289219517e+03
3.954340149003744045e+03
3.974648132979884849e+03
4.007862410845090380e+03
4.044905495153209813e+03
4.080163269083392152e+03
4.110850649763071488e+03
4.131892279825360674e+03
4.155013377107768974e+03
4.185849093200176867e+03
4.218518564789766970e+03
4.223078706835664889e+03
4.223932388527146031e+03
4.219291017813746294e+03
4.216585623318551370e+03
4.216897567910835278e+03
4.212102971732044352e+03
4.217940121698235089e+03
4.214645570935348587e+03
4.195922651444283474e+03
4.182123278557080084e+03
4.153601571353960026e+03
4.107121243388816765e+03
4.054398064776749379e+03
4.022296281481344522e+03
3.976852557674602394e+03
3.920289549059551064e+03
3.896962603536264851e+03
3.872160147162066096e+03
3.853252710357624892e+03
3.845921309590616147e+03
3.839316316966916020e+03
3.840275637871716754e+03
3.839652046608950513e+03
3.843970107712139907e+03
3.840598893081273673e+03
3.841126659959350036e+03
3.837138829008440553e+03
3.832633094646061181e+03
3.828521010362032939e+03
3.825525657015267825e+03
3.822384563271099069e+03
3.828977120790933441e+03
3.821042471110262341e+03
3.821722682341750442e+03
3.815569792800774849e+03
3.760115116304944422e+03
3.658289204109044476e+03
2.500000000000000000e+03
2.500000000000000000e+03
2.500000000000000000e+03
2.500000000000000000e+03
2.500000000000000000e+03
2.500000000000000000e+03
2.500000000000000000e+03
2.500000000000000000e+03
2.500000000000000000e+03
2.500000000000000000e+03
2.500000000000000000e+03
2.500000000000000000e+03
2.500000000000000000e+03
2.500000000000000000e+03
2.500000000000000000e+03
2.500000000000000000e+03
2.500000000000000000e+03
2.500000000000000000e+03
2.500000000000000000e+03
2.500000000000000000e+03
2.600619658342967796e+03
2.500000000000000000e+03
2.500000000000000000e+03
2.500000000000000000e+03
2.500000000000000000e+03
2.500000000000000000e+03
2.500000000000000000e+03
3.741759351208123917e+03
3.865471903034812385e+03
3.855900643809576650e+03
3.854551603270396299e+03
3.844056329442699734e+03
3.839462018958918634e+03
3.837510420685048302e+03
3.835165370895361775e+03
3.837083605767569679e+03
3.847040595479442345e+03
3.857230930736856862e+03
3.866716731096779768e+03
3.875143306242709514e+03
3.878983824118499797e+03
3.863350423172903447e+03
3.864806282134150479e+03
3.874054467130332341e+03
3.891820352926440137e+03
3.908556880719046603e+03
3.922262329879343724e+03
3.921288749121768888e+03
3.924547737089733346e+03
3.936124970663082422e+03
3.949959293826171233e+03
3.966209747779435929e+03
3.948878392948391138e+03
3.966773980574163033e+03
3.959936972767726274e+03
3.933964009508820709e+03
3.905469931832461043e+03
3.874082773932198506e+03
3.826053344318281233e+03
3.711043914268449953e+03
3.646746056457842769e+03
2.500000000000000000e+03
2.500000000000000000e+03
3.722380379980587804e+03
3.668352890572086835e+03
3.639153716656359848e+03
3.605358409331579423e+03
3.584407519028668503e+03
3.561540746000490344e+03
3.542860200524321499e+03
3.524095818169062113e+03
3.512658429956625241e+03
3.499311105365026378e+03
3.488441347531754218e+03
3.482070321469133887e+03
3.481163233800385569e+03
3.472981094482921890e+03
3.467049246231979396e+03
3.463920853006583002e+03
3.463057926171813961e+03
3.464148348644489488e+03
3.460285548729581024e+03
3.458069067142472250e+03
3.451384943902819032e+03
3.429093215087889803e+03
3.359351400368084342e+03
2.500000000000000000e+03
2.500000000000000000e+03
2.500000000000000000e+03
2.500000000000000000e+03
2.500000000000000000e+03
2.500000000000000000e+03
2.500000000000000000e+03
2.500000000000000000e+03
2.500000000000000000e+03
2.500000000000000000e+03
2.500000000000000000e+03
2.500000000000000000e+03
2.500000000000000000e+03
2.500000000000000000e+03
2.500000000000000000e+03
2.500000000000000000e+03
2.500000000000000000e+03
2.500000000000000000e+03
2.500000000000000000e+03
2.500000000000000000e+03
2.500000000000000000e+03
3.555342597207708423e+03
3.486747005381775125e+03
3.415354640484532410e+03
3.407129770510349317e+03
3.416171841910268085e+03
3.462710666309218595e+03
3.550431657755350898e+03
3.602054941011667324e+03
3.648775303537816399e+03
3.677186337291388099e+03
3.701624357489310569e+03
3.756484557984308594e+03
3.796740700933126845e+03
3.849231424448611506e+03
3.887085524758645079e+03
3.918662504444389015e+03
3.931270891751714771e+03
3.951533278313418123e+03
3.970253821373495612e+03
4.004020040847881319e+03
4.028089734918918566e+03
4.021489582515847360e+03
3.999362068468347843e+03
3.949673485481539501e+03
3.891027893927864625e+03
3.827272231557088162e+03
3.741811786664091414e+03
3.671752106101735535e+03
3.629450592642605443e+03
3.583755098773828649e+03
3.448995957906696276e+03
3.350441320701223049e+03
3.238481224436860884e+03
2.500000000000000000e+03
2.500000000000000000e+03
2.500000000000000000e+03
2.500000000000000000e+03
2.500000000000000000e+03
2.500000000000000000e+03
2.500000000000000000e+03
2.500000000000000000e+03
2.500000000000000000e+03
3.590980712627460434e+03
3.695184976361162626e+03
3.693145370336569613e+03
3.632669283984093909e+03
3.570352620493305494e+03
3.515423858295241189e+03
3.483148494823223700e+03
3.463514850604199182e+03
3.459592746221911966e+03
3.453392635833634813e+03
3.455244487697095337e+03
3.453771569026208454e+03
3.450360629992128452e+03
3.447417940387161252e+03
3.411839659013093296e+03
3.298387645235458422e+03
2.500000000000000000e+03
2.500000000000000000e+03
2.500000000000000000e+03
2.500000000000000000e+03
3.438493273922707886e+03
3.728654035242006557e+03
3.741991356211836774e+03
3.740458995931560821e+03
3.693562969914838050e+03
3.682583573890863590e+03
3.676711143798683679e+03
3.670297202500263666e+03
3.639338817978441057e+03
3.580749583265437195e+03
3.553338242222477220e+03
2.500000000000000000e+03
2.500000000000000000e+03
2.500000000000000000e+03
2.500000000000000000e+03
2.500000000000000000e+03
2.500000000000000000e+03
3.961651926191424536e+03
3.930863929223520245e+03
3.927959225362101279e+03
3.914975988174136546e+03
3.900723783644942159e+03
3.908492610474932007e+03
3.927441343112165214e+03
3.952857887062631107e+03
3.969625397942682866e+03
3.991273995892161565e+03
4.006386209967705781e+03
4.040199433512324504e+03
4.056672587198449037e+03
4.071396400596323474e+03
4.090225800510453155e+03
4.092546166366983471e+03
4.122725542843187213e+03
4.137475053279606072e+03
4.141235965643982126e+03
4.147956526387751182e+03
4.153213196675697873e+03
4.158824887767576911e+03
4.164990504112543931e+03
4.170688232926356250e+03
4.154036621581331929e+03
4.101079191306402208e+03
3.969146627079067912e+03
3.642540133979931852e+03
2.500000000000000000e+03
2.500000000000000000e+03
2.500000000000000000e+03
2.500000000000000000e+03
2.500000000000000000e+03
3.498899370117793751e+03
3.614056818099453267e+03
3.620063656076898042e+03
3.629211944526651223e+03
3.618138818447441281e+03
3.577205848221115502e+03
3.504761357166887137e+03
3.480594500956406591e+03
3.445816031027964527e+03
3.396376785676215604e+03
3.353173963505703341e+03
3.315234177868298048e+03
3.280801184422915412e+03
3.258955559303876271e+03
3.244477072334782406e+03
3.225466774769093263e+03
3.201461548901374044e+03
3.182930167041844925e+03
3.159821181228895057e+03
3.143057284375613108e+03
3.152304713543160688e+03
3.199956944559769909e+03
3.243930654519282598e+03
3.215294652162142938e+03
3.237836914757755494e+03
3.188236783806378753e+03
3.214671723306596505e+03
2.500000000000000000e+03
2.500000000000000000e+03
2.500000000000000000e+03
2.500000000000000000e+03
2.500000000000000000e+03
2.500000000000000000e+03
2.500000000000000000e+03
2.500000000000000000e+03
2.500000000000000000e+03
2.500000000000000000e+03
2.500000000000000000e+03
2.500000000000000000e+03
2.500000000000000000e+03
2.500000000000000000e+03
2.500000000000000000e+03
2.500000000000000000e+03
2.500000000000000000e+03
2.500000000000000000e+03
2.500000000000000000e+03
2.500000000000000000e+03
2.500000000000000000e+03
2.500000000000000000e+03
2.500000000000000000e+03
2.500000000000000000e+03
2.500000000000000000e+03
2.500000000000000000e+03
2.500000000000000000e+03
2.500000000000000000e+03
2.500000000000000000e+03
2.500000000000000000e+03
2.500000000000000000e+03
2.500000000000000000e+03
2.500000000000000000e+03
2.500000000000000000e+03
2.500000000000000000e+03
2.500000000000000000e+03
2.500000000000000000e+03
2.500000000000000000e+03
2.500000000000000000e+03
2.500000000000000000e+03
2.500000000000000000e+03
2.500000000000000000e+03
2.500000000000000000e+03
2.500000000000000000e+03
2.500000000000000000e+03
2.500000000000000000e+03
2.500000000000000000e+03
2.500000000000000000e+03
2.500000000000000000e+03
2.500000000000000000e+03
2.500000000000000000e+03
2.500000000000000000e+03
2.500000000000000000e+03
3.933778411689722816e+03
3.903853306523581523e+03
3.918014356224265612e+03
3.921727105883408512e+03
3.934434971693392072e+03
3.956142688238897335e+03
3.977221667748792242e+03
4.022807672417286085e+03
4.065992985825543656e+03
4.094362594767271730e+03
4.109457028947360413e+03
4.130711396302056528e+03
4.137974858491947089e+03
4.147336704485267546e+03
4.155338943351521266e+03
4.172157360925096327e+03
4.192342628827241242e+03
4.217631210216664840e+03
4.238177471036706265e+03
4.256279693165683057e+03
4.274242275048104602e+03
4.283256312267844805e+03
4.282838134043114223e+03
4.268352559199878669e+03
4.213675029052328682e+03
4.078834118430024319e+03
4.032658655316869044e+03
3.970718814976813974e+03
2.500000000000000000e+03
4.072484247423576562e+03
2.500000000000000000e+03
4.049515958864194090e+03
4.224366082612325044e+03
4.307536211175050994e+03
4.259595281271596832e+03
4.248309636616399075e+03
4.200616122321434887e+03
4.195411542654799632e+03
4.172742388673719688e+03
4.165788442545680482e+03
4.162187707025218515e+03
4.148227774840569509e+03
4.153677713036142450e+03
4.154720827603380712e+03
4.151900874690873025e+03
4.138318537867446139e+03
4.109835581427181751e+03
4.084049979562480530e+03
4.060762360114443254e+03
4.021350874922028197e+03
3.921967115599563840e+03
3.899485361743677458e+03
3.933540739802441749e+03
3.984169979652633174e+03
3.983724869969723841e+03
4.000111392593134497e+03
4.062254857392166741e+03
4.048936463196206660e+03
4.062288766558612679e+03
4.063968813665580456e+03
2.500000000000000000e+03
2.500000000000000000e+03
2.500000000000000000e+03
2.500000000000000000e+03
3.931368067958222127e+03
4.081414932554588177e+03
4.107241595071132906e+03
4.102379534574311947e+03
4.102198336087494681e+03
4.094403438471455956e+03
4.071256582747958873e+03
4.046499998092736405e+03
4.029801781066314106e+03
4.011026190744887117e+03
3.991116972380836160e+03
3.962554664191853590e+03
3.929829746908486413e+03
3.897662997909375463e+03
3.862952356117227282e+03
3.826077377490251820e+03
3.786827943411085926e+03
3.753655125687207146e+03
3.734097571712590707e+03
3.717979771662127405e+03
3.703990906068497225e+03
3.690527199872717119e+03
3.682006612839110858e+03
3.665598052791072860e+03
3.690816115253234329e+03
3.683524701211571482e+03
3.674155920326095838e+03
3.670993901711301532e+03
3.668158318657451673e+03
3.703818635042351616e+03
3.658449207585807471e+03
3.658674449215154254e+03
3.660363551150680451e+03
3.654098616076970757e+03
3.647442824618421128e+03
3.644943131340517539e+03
3.645511214708721582e+03
3.640061255787542450e+03
3.624042178552097084e+03
3.587431048998293136e+03
3.555244350151278468e+03
3.530249283975996150e+03
3.503852740194519356e+03
3.495496625403421604e+03
3.518738816577219950e+03
3.555427886499865963e+03
3.575730430061829338e+03
3.571563717952437401e+03
3.560030892402103291e+03
3.537348865785460021e+03
3.516739536051768937e+03
3.493364730968199638e+03
3.459024424965763501e+03
3.390483632406822380e+03
3.366046486659128732e+03
3.364800197721594486e+03
3.354896300191078353e+03
3.340586925797645563e+03
3.329559427746371512e+03
3.311129278073889964e+03
3.283365786029085939e+03
3.261181177524753366e+03
3.246091275224189758e+03
3.335188291510887666e+03
3.475074640132246714e+03
3.517456073862203084e+03
3.501259141158707280e+03
3.516398389035126002e+03
3.507997050944085913e+03
3.497167331856905093e+03
3.505758173010499377e+03
3.527894710829182713e+03
3.554157552441777625e+03
3.589755364170549001e+03
3.650303888445257599e+03
3.685361840513163315e+03
3.706173535496030127e+03
3.738062396512607393e+03
3.759561281620562568e+03
3.787789336855654255e+03
3.821697271006998562e+03
3.851692381400114755e+03
3.884554421504521088e+03
3.909679166512387383e+03
3.932715781100040658e+03
3.958882805020144133e+03
3.980709097346739327e+03
3.998556166147960539e+03
4.015511395258662105e+03
4.017953852416452719e+03
4.028748568753044765e+03
4.035814910059601971e+03
4.036368218252497172e+03
4.025695844786812813e+03
4.028314942637811328e+03
4.024046553022522858e+03
4.017865786749016479e+03
4.010531898805364108e+03
4.014808779997143574e+03
4.021612514781525533e+03
4.028415174041057981e+03
4.048825361407369201e+03
4.055269186130198250e+03
4.064739606169515810e+03
4.063527715596598682e+03
4.069176069754869786e+03
4.075390288812362996e+03
4.074234151522826778e+03
4.084577413626981979e+03
4.072381160985417409e+03
4.053601744625867468e+03
4.037799313498115225e+03
4.031111558514532589e+03
4.028066009551452680e+03
4.017558194023557917e+03
4.006190957542742126e+03
3.966003676462704789e+03
3.916150446191165429e+03
3.895142812853053329e+03
3.847005721497720515e+03
3.905361964627188172e+03
3.888083054621659358e+03
3.853927591149649288e+03
3.842042563199555389e+03
3.828943755503349621e+03
3.807273441799845841e+03
3.795234656190236365e+03
3.773788381258212212e+03
3.747976261316067394e+03
3.718444372486695556e+03
3.693823817176283228e+03
3.669379481463436605e+03
3.647833196186439636e+03
3.630226366113161930e+03
3.602983307187747869e+03
3.581478934481654960e+03
3.560403827662366893e+03
3.528507205750609501e+03
3.508374935047108011e+03
3.486225001614133816e+03
3.460188482608613413e+03
3.426268821718675099e+03
3.395826925569814648e+03
3.368221483344852913e+03
3.337994506199347143e+03
3.306831656471734732e+03
3.284342836200833062e+03
3.262090077141509028e+03
3.247347824934506207e+03
3.228113414136482334e+03
3.210512724466561394e+03
3.200040912433302310e+03
3.189672559186662056e+03
3.181717090919194106e+03
3.172702940073271293e+03
3.163252593560624973e+03
3.146342861021987574e+03
3.117318385545431738e+03
3.107381661149874162e+03
3.136811283049269150e+03
3.221928245159793732e+03
3.239902024236211673e+03
3.276613595063086905e+03
3.305008420075525009e+03
3.304324575920908046e+03
3.342597027318221080e+03
3.390988360283608017e+03
3.436610004980389022e+03
3.415584562001931772e+03
3.394177260459371610e+03
3.342166141852011151e+03
3.282324181998785662e+03
3.201045380716991076e+03
3.135238909705394690e+03
3.068762473770894303e+03
3.030486918927034367e+03
2.500000000000000000e+03
2.500000000000000000e+03
2.500000000000000000e+03
2.500000000000000000e+03
2.500000000000000000e+03
2.500000000000000000e+03
2.500000000000000000e+03
2.500000000000000000e+03
3.398852421660534219e+03
2.500000000000000000e+03
3.278154193135908827e+03
3.287097153330518722e+03
3.264479059694815987e+03
3.253056788966252043e+03
3.246664038104071551e+03
3.251832239117607969e+03
3.253595760904509916e+03
3.250556688220479373e+03
3.255527832208335894e+03
3.258573964387570868e+03
3.262260280186073487e+03
3.282044369791190093e+03
3.293729245429487491e+03
3.294328967270080739e+03
3.292475899158929678e+03
3.290405693725758283e+03
3.289474681724331731e+03
3.283277157805443494e+03
3.284205858984325005e+03
3.281689558925732399e+03
3.270886567113175715e+03
3.263632215449494652e+03
3.284311641780288028e+03
3.316184589875890197e+03
3.318674188836526355e+03
3.327471893032553453e+03
3.334390436620986293e+03
3.346700640033139280e+03
3.375855811817858012e+03
3.439485196335354885e+03
3.434330494076846662e+03
3.434396885481884055e+03
3.451581225823847944e+03
3.467995968241249102e+03
3.490333036962472761e+03
3.503442762450171358e+03
3.521961496909117614e+03
3.536833912549999695e+03
3.541986963448379811e+03
3.562056932431458335e+03
3.576260840497230220e+03
3.581042918023591483e+03
3.556838447005601665e+03
3.463537074407544424e+03
3.410282538665691845e+03
3.460773348248640559e+03
3.599538233495372424e+03
3.698090089638242716e+03
3.662595552338556899e+03
3.669292328156506755e+03
3.679171652159751829e+03
3.673736072909418453e+03
3.663385906787468230e+03
3.646454586145204303e+03
3.634095727178497327e+03
3.631341575268048928e+03
3.626442947365025702e+03
3.624984665330101961e+03
3.633723017847496067e+03
3.644497058907942119e+03
3.659372222659773342e+03
3.681913562925311908e+03
3.703327719715391140e+03
3.730246487159079606e+03
3.746799292745465664e+03
3.783741042130342976e+03
3.815893160938111578e+03
3.842497729381370846e+03
3.856278009727507651e+03
3.867944536885989692e+03
3.852596426656063159e+03
3.830583142420818149e+03
3.804117661368143672e+03
3.750575919654841982e+03
3.774923363223827891e+03
3.725652967345226443e+03
2.500000000000000000e+03
2.500000000000000000e+03
2.500000000000000000e+03
2.500000000000000000e+03
2.500000000000000000e+03
2.500000000000000000e+03
2.500000000000000000e+03
2.500000000000000000e+03
3.936859192621359398e+03
3.933109777042145197e+03
3.933695133197691575e+03
3.909720493400183841e+03
3.894353859043500051e+03
3.876722585124016405e+03
3.867184525661880798e+03
3.856305501633483800e+03
3.857740931923767221e+03
3.864221403930511315e+03
3.869853541536011107e+03
3.880735351221028395e+03
3.892702244391167369e+03
3.903791195131983386e+03
3.923205541338141302e+03
3.940544267951831443e+03
3.959753269727285897e+03
3.977410752401947320e+03
3.994087592488119299e+03
4.017313593588502954e+03
4.032936586106226514e+03
4.043977987051427135e+03
4.048405982831442088e+03
4.057963185136533866e+03
4.055845908585860343e+03
4.058711540844312367e+03
4.056754592445357048e+03
4.042184620832628752e+03
3.985847752824085092e+03
3.908306947371307615e+03
3.849175288716117393e+03
3.823051269586926537e+03
3.798306873406037084e+03
3.799737618161315368e+03
3.801130228166600318e+03
3.809873759978397175e+03
3.810113490526517126e+03
3.784428179855215149e+03
3.745335906792495280e+03
3.707270455337398289e+03
3.661734643719153610e+03
3.613104752020235992e+03
3.580648224120261148e+03
3.528827360794809010e+03
3.475905052196470024e+03
3.432652795438398698e+03
3.390857393855342707e+03
3.350176136064358616e+03
3.315094326579302560e+03
3.280293006230910123e+03
3.259148995408228984e+03
3.236597193458115726e+03
3.213533918898318461e+03
3.199447119580584058e+03
3.179598808647952410e+03
3.186604916372306434e+03
3.221820044957302798e+03
3.256086782496133310e+03
3.189741706779646847e+03
3.236677819478874426e+03
3.276120824762372649e+03
3.241431805435042406e+03
3.149137875856743449e+03
2.500000000000000000e+03
2.500000000000000000e+03
2.500000000000000000e+03
2.500000000000000000e+03
2.500000000000000000e+03
2.500000000000000000e+03
2.500000000000000000e+03
2.500000000000000000e+03
2.500000000000000000e+03
2.500000000000000000e+03
2.500000000000000000e+03
2.500000000000000000e+03
2.500000000000000000e+03
2.500000000000000000e+03
2.500000000000000000e+03
2.500000000000000000e+03
2.500000000000000000e+03
2.500000000000000000e+03
2.500000000000000000e+03
2.500000000000000000e+03
2.500000000000000000e+03
2.500000000000000000e+03
2.500000000000000000e+03
2.500000000000000000e+03
2.500000000000000000e+03
2.500000000000000000e+03
2.500000000000000000e+03
2.500000000000000000e+03
2.500000000000000000e+03
2.500000000000000000e+03
2.500000000000000000e+03
2.500000000000000000e+03
2.500000000000000000e+03
2.500000000000000000e+03
2.500000000000000000e+03
2.500000000000000000e+03
2.500000000000000000e+03
2.500000000000000000e+03
2.500000000000000000e+03
2.500000000000000000e+03
2.500000000000000000e+03
2.500000000000000000e+03
2.500000000000000000e+03
2.500000000000000000e+03
2.500000000000000000e+03
2.500000000000000000e+03
2.500000000000000000e+03
2.500000000000000000e+03
2.500000000000000000e+03
2.500000000000000000e+03
2.500000000000000000e+03
2.500000000000000000e+03
2.500000000000000000e+03
2.500000000000000000e+03
2.500000000000000000e+03
3.772575970686155415e+03
3.776037308986221433e+03
3.761065917515337787e+03
3.761472909841662386e+03
3.762464260801014007e+03
3.789685213225443476e+03
3.814515404767309519e+03
3.817256800112387282e+03
3.808377584211461908e+03
3.791109686828443046e+03
3.769566151974442619e+03
3.685089530671930788e+03
3.657654836664384675e+03
3.705930843901233857e+03
3.808011638739626505e+03
3.857503097570640875e+03
3.885037383494175174e+03
3.895046829450449422e+03
3.894727628322099918e+03
3.896365053273953890e+03
3.887325491798331313e+03
3.870057103085969175e+03
3.788513245671446384e+03
3.718260145701300189e+03
3.677071746144095869e+03
3.659396410679522432e+03
3.697458008195691946e+03
3.727953734601800534e+03
3.751254779610607784e+03
3.755684163152433030e+03
3.742260577079493487e+03
3.715087051430979500e+03
3.704638934849864654e+03
3.690954769391673381e+03
3.682430987618889503e+03
3.678437751745739206e+03
3.678356574291293327e+03
3.665759750944461757e+03
3.659704313243874367e+03
3.651787520116645737e+03
3.648564164597737090e+03
3.643729219927259692e+03
3.636314586651160425e+03
3.627651559664452179e+03
3.622116058430771773e+03
3.624205273068546376e+03
3.625969003429904205e+03
3.629517584899765552e+03
3.632128052939284771e+03
3.637346841582554589e+03
3.656408287700252004e+03
3.668052590709883134e+03
3.671358365792354562e+03
3.669959432524107342e+03
3.664759039796701018e+03
3.659218610509766222e+03
3.636844876242757437e+03
3.609609675886741570e+03
3.594244289424153067e+03
3.582407158287718630e+03
3.593057230468420585e+03
3.644276221467628147e+03
2.500000000000000000e+03
2.500000000000000000e+03
2.500000000000000000e+03
2.500000000000000000e+03
2.500000000000000000e+03
2.500000000000000000e+03
2.500000000000000000e+03
2.500000000000000000e+03
2.500000000000000000e+03
2.500000000000000000e+03
2.500000000000000000e+03
2.500000000000000000e+03
2.500000000000000000e+03
3.636994098914269216e+03
3.691741010481588091e+03
3.681443543621962817e+03
3.646585175911406623e+03
3.621489425450925864e+03
3.593250977648673143e+03
3.580190357325009700e+03
3.574274925926164542e+03
3.579527794066783827e+03
3.566033403287199235e+03
3.537909238622733028e+03
3.499731584303830005e+03
3.479286497367413176e+03
3.511347414961483537e+03
3.523667017864313038e+03
3.527284899793115983e+03
3.519481648137126285e+03
3.511808431841084712e+03
3.509917650990932543e+03
3.506203289269243669e+03
3.504243740227313992e+03
3.498748077321897654e+03
3.469795021899547464e+03
3.402741665415327134e+03
3.342492636505969585e+03
3.319458184828220055e+03
3.338324401490634045e+03
3.382080258054359092e+03
3.436273978409414667e+03
3.464998704653337427e+03
3.465729693091806439e+03
3.456175715896736619e+03
3.434201588599707065e+03
3.429976066653268390e+03
3.422570213957008491e+03
3.414715650594704584e+03
3.408079825305366285e+03
3.404664035120340031e+03
3.408675271440593860e+03
3.399297297646547122e+03
3.392962398988983296e+03
3.384311311870236750e+03
3.377248324811919247e+03
3.375397197317187420e+03
3.372887768027227594e+03
3.377762398803231463e+03
3.375763392382208622e+03
3.375372351214523860e+03
3.370225913864511313e+03
3.373099861587217674e+03
3.373419355445640576e+03
3.382958060842590385e+03
3.401691872556396447e+03
3.411236353086778308e+03
3.411732086051159968e+03
3.399673604949245600e+03
3.377788183634143934e+03
3.349591128092383315e+03
3.338500087699599135e+03
3.269601420171341488e+03
2.500000000000000000e+03
2.500000000000000000e+03
2.500000000000000000e+03
2.500000000000000000e+03
2.500000000000000000e+03
2.500000000000000000e+03
2.500000000000000000e+03
2.500000000000000000e+03
2.500000000000000000e+03
2.500000000000000000e+03
2.500000000000000000e+03
2.500000000000000000e+03
2.500000000000000000e+03
2.500000000000000000e+03
2.500000000000000000e+03
2.500000000000000000e+03
2.500000000000000000e+03
3.504149333904973901e+03
3.432986344697047571e+03
3.400863485249494715e+03
3.400064959442771396e+03
3.393407947186449292e+03
3.396788254165375292e+03
3.399621121415046218e+03
3.391137058539638474e+03
3.385341541182624042e+03
3.380388289399481891e+03
3.387947747585253637e+03
3.386904550113075857e+03
3.383083320983551403e+03
3.305944429883991688e+03
2.500000000000000000e+03
2.500000000000000000e+03
2.500000000000000000e+03
2.500000000000000000e+03
2.778491012071924615e+03
2.500000000000000000e+03
2.500000000000000000e+03
2.500000000000000000e+03
2.500000000000000000e+03
3.578504446301550161e+03
3.594704571102239242e+03
3.566804855809230503e+03
3.545714279157571127e+03
3.540649712245660794e+03
3.532748911187103658e+03
3.527656366876643460e+03
3.529730431829808822e+03
3.527481798429681476e+03
3.506423602626820866e+03
3.480382109310321539e+03
3.434955225909212913e+03
3.381667098854651158e+03
3.364855217999162505e+03
3.443206673898994723e+03
3.491529085816187035e+03
3.598209919560179969e+03
3.641349917405861106e+03
3.671896195135419475e+03
3.671679851815364145e+03
3.664915870519559121e+03
3.644081010246569804e+03
3.625657782031771603e+03
3.619423162803700052e+03
3.612544943263668301e+03
3.620170769619346174e+03
3.615286299382310517e+03
3.620226491418185105e+03
3.622762524517824659e+03
3.622776777420496273e+03
3.629496341167978244e+03
3.626312409726011992e+03
3.621669980701321492e+03
3.628096625273339669e+03
3.635445222314945568e+03
3.632201871909740930e+03
3.636891686423202373e+03
3.638007216296903607e+03
3.623213387269843224e+03
3.617452393039579874e+03
3.600855799175089487e+03
3.582584703968831946e+03
3.572092144920131886e+03
3.555731798346439064e+03
3.544633077893476184e+03
3.537862778822011023e+03
3.531139146488398637e+03
3.522499239496235532e+03
3.517030226921297981e+03
3.508579409274169848e+03
3.511303952581630710e+03
3.515204687392330470e+03
3.513780243079878346e+03
3.522514677827978630e+03
3.521105978659376433e+03
3.506248009163765346e+03
3.494774008348675579e+03
3.508020741624653056e+03
3.500092804005908420e+03
3.469238693089562730e+03
3.406091849298221859e+03
3.467368612018728982e+03
3.444183492982883308e+03
3.491140671314165502e+03
2.500000000000000000e+03
2.500000000000000000e+03
2.500000000000000000e+03
2.500000000000000000e+03
2.500000000000000000e+03
3.452342714884713132e+03
3.608932843506262088e+03
3.536063859371444323e+03
3.485578275406187004e+03
3.466630111972804571e+03
3.453118075733689693e+03
3.439663351086432158e+03
3.436261396721752135e+03
3.460992332137299400e+03
3.464971873517537006e+03
3.491607099920409837e+03
3.510414986378416415e+03
3.559619771461726486e+03
3.594910901546930290e+03
3.626620774573656945e+03
3.658275757765155959e+03
3.674292430801662704e+03
3.691354226111424850e+03
3.699475776564698663e+03
3.688054728423550841e+03
3.655638877605475045e+03
3.612614504465854679e+03
3.518403670219587639e+03
3.501298892666381107e+03
3.545343354816241572e+03
3.509156724047550597e+03
3.358081459006273690e+03
3.204169181175629092e+03
3.110049585909161578e+03
3.030469378796735782e+03
3.032555704537694965e+03
3.004721115995780110e+03
3.008106567199802612e+03
3.021024265706214464e+03
3.019272765441683987e+03
3.027564929402180951e+03
3.059900449101630784e+03
3.102271045244887773e+03
3.140353012980785479e+03
3.311560122118381514e+03
3.303865398730798006e+03
2.500000000000000000e+03
3.264033089373918756e+03
2.500000000000000000e+03
2.500000000000000000e+03
2.500000000000000000e+03
2.500000000000000000e+03
2.500000000000000000e+03
2.500000000000000000e+03
2.500000000000000000e+03
2.500000000000000000e+03
2.500000000000000000e+03
2.500000000000000000e+03
2.500000000000000000e+03
2.500000000000000000e+03
2.500000000000000000e+03
2.500000000000000000e+03
2.500000000000000000e+03
2.500000000000000000e+03
2.500000000000000000e+03
2.500000000000000000e+03
2.500000000000000000e+03
2.500000000000000000e+03
2.500000000000000000e+03
2.500000000000000000e+03
2.500000000000000000e+03
2.500000000000000000e+03
2.500000000000000000e+03
2.500000000000000000e+03
2.500000000000000000e+03
2.500000000000000000e+03
2.500000000000000000e+03
2.500000000000000000e+03
2.500000000000000000e+03
2.500000000000000000e+03
2.500000000000000000e+03
2.500000000000000000e+03
2.500000000000000000e+03
2.500000000000000000e+03
2.500000000000000000e+03
2.500000000000000000e+03
2.500000000000000000e+03
2.500000000000000000e+03
2.500000000000000000e+03
2.500000000000000000e+03
2.500000000000000000e+03
2.500000000000000000e+03
2.500000000000000000e+03
2.500000000000000000e+03
2.500000000000000000e+03
