2.500000000000000000e+03
2.500000000000000000e+03
2.500000000000000000e+03
2.500000000000000000e+03
2.500000000000000000e+03
2.500000000000000000e+03
2.500000000000000000e+03
2.500000000000000000e+03
2.500000000000000000e+03
2.500000000000000000e+03
2.500000000000000000e+03
2.500000000000000000e+03
2.500000000000000000e+03
2.500000000000000000e+03
2.500000000000000000e+03
2.500000000000000000e+03
2.500000000000000000e+03
2.500000000000000000e+03
2.500000000000000000e+03
2.500000000000000000e+03
2.500000000000000000e+03
2.500000000000000000e+03
2.500000000000000000e+03
2.500000000000000000e+03
2.500000000000000000e+03
2.500000000000000000e+03
2.500000000000000000e+03
2.500000000000000000e+03
2.500000000000000000e+03
2.500000000000000000e+03
2.500000000000000000e+03
2.500000000000000000e+03
2.500000000000000000e+03
2.500000000000000000e+03
2.500000000000000000e+03
2.500000000000000000e+03
2.500000000000000000e+03
2.500000000000000000e+03
2.500000000000000000e+03
2.500000000000000000e+03
2.500000000000000000e+03
2.500000000000000000e+03
2.500000000000000000e+03
2.500000000000000000e+03
2.500000000000000000e+03
2.500000000000000000e+03
2.500000000000000000e+03
2.500000000000000000e+03
2.500000000000000000e+03
2.500000000000000000e+03
2.500000000000000000e+03
2.500000000000000000e+03
2.500000000000000000e+03
2.500000000000000000e+03
2.500000000000000000e+03
2.500000000000000000e+03
2.500000000000000000e+03
2.500000000000000000e+03
2.500000000000000000e+03
2.500000000000000000e+03
2.500000000000000000e+03
2.500000000000000000e+03
2.500000000000000000e+03
2.500000000000000000e+03
2.500000000000000000e+03
2.500000000000000000e+03
2.500000000000000000e+03
2.500000000000000000e+03
2.500000000000000000e+03
2.500000000000000000e+03
2.500000000000000000e+03
2.500000000000000000e+03
2.500000000000000000e+03
2.500000000000000000e+03
2.500000000000000000e+03
2.500000000000000000e+03
2.500000000000000000e+03
2.500000000000000000e+03
2.500000000000000000e+03
2.500000000000000000e+03
2.500000000000000000e+03
2.500000000000000000e+03
2.500000000000000000e+03
2.500000000000000000e+03
2.500000000000000000e+03
2.500000000000000000e+03
2.500000000000000000e+03
2.500000000000000000e+03
2.500000000000000000e+03
2.500000000000000000e+03
2.500000000000000000e+03
2.500000000000000000e+03
2.500000000000000000e+03
2.500000000000000000e+03
2.500000000000000000e+03
2.500000000000000000e+03
2.500000000000000000e+03
2.500000000000000000e+03
2.500000000000000000e+03
2.500000000000000000e+03
2.500000000000000000e+03
2.500000000000000000e+03
2.500000000000000000e+03
2.500000000000000000e+03
2.500000000000000000e+03
2.500000000000000000e+03
2.500000000000000000e+03
2.500000000000000000e+03
4.775626389811570334e+03
4.846182961204809544e+03
4.782258343042474735e+03
4.732879358054306067e+03
4.707912325905032048e+03
4.702935839188845421e+03
4.688898238040821525e+03
4.682115096540946979e+03
4.685667186017295535e+03
4.694513323928758837e+03
4.707813606415049435e+03
4.730617665932350974e+03
4.760825814234822246e+03
4.795671418660124800e+03
4.805698464336941470e+03
4.842234278727072706e+03
4.862828714506848883e+03
4.882669652725747255e+03
4.911469055124781335e+03
4.942875725610732843e+03
4.969334903070992368e+03
5.023446581917810363e+03
5.030875445937576842e+03
5.030434069223247207e+03
4.977678502197870330e+03
4.898483861200250431e+03
4.866631013121632350e+03
2.500000000000000000e+03
2.500000000000000000e+03
2.500000000000000000e+03
2.500000000000000000e+03
2.500000000000000000e+03
5.104487935683580872e+03
5.139736882632887500e+03
5.148772924394030269e+03
5.182840995780594312e+03
5.217051135032663296e+03
5.224859426896518016e+03
5.242537577296303425e+03
5.251738228167557281e+03
5.263046389492065828e+03
5.262747048498122240e+03
5.225445028781422479e+03
5.079802746644611034e+03
4.938936137928682001e+03
4.949649362023581489e+03
2.500000000000000000e+03
2.500000000000000000e+03
2.500000000000000000e+03
2.500000000000000000e+03
2.500000000000000000e+03
2.500000000000000000e+03
2.500000000000000000e+03
2.500000000000000000e+03
2.500000000000000000e+03
2.500000000000000000e+03
4.838791823007290077e+03
4.941151890938552242e+03
4.926021224028693723e+03
4.879366420832870062e+03
4.885947456873133888e+03
4.890585474108730523e+03
4.886916261710156505e+03
4.888688625633715674e+03
4.886413405692446759e+03
4.895954320507850753e+03
4.889004267852215889e+03
4.905377919343607573e+03
4.889348095877713604e+03
4.880208599284046613e+03
4.873331709524120015e+03
4.863754862876827247e+03
4.853280980865640231e+03
4.836533823433985162e+03
4.815613596656408845e+03
4.764855874741638218e+03
4.741764381235674591e+03
4.799091436889269062e+03
4.812068134846120302e+03
4.799285366129933209e+03
4.800598312000443002e+03
4.802540710274992307e+03
4.806314424005016008e+03
4.814868155222337009e+03
4.822261381217110284e+03
4.829665126992904334e+03
4.833110333014919888e+03
4.835247230803988714e+03
4.831913298491910609e+03
4.833050616389012248e+03
4.831713642223342504e+03
4.831815521260507921e+03
4.835305613926456317e+03
4.836814820716956092e+03
4.839793016674423598e+03
4.836723603713887314e+03
4.841048343927052883e+03
4.855715119254856290e+03
4.856985146828823417e+03
4.837302765766134144e+03
4.820551059036271909e+03
4.784128788711028392e+03
4.763144685019751705e+03
4.733337345554954481e+03
4.719874400643886474e+03
4.701645518841070952e+03
4.675644039501159568e+03
4.662457848812657176e+03
4.682435588115257815e+03
4.684486405388657658e+03
4.684190541069338906e+03
4.674410851741011356e+03
4.668268871712775763e+03
4.682857781549958418e+03
4.680714038598904153e+03
4.682589457950380165e+03
4.684677598106469304e+03
4.699070267440622956e+03
4.722990289982769355e+03
4.729040355951439778e+03
4.692392397922366399e+03
4.651026706996956818e+03
2.500000000000000000e+03
2.500000000000000000e+03
2.500000000000000000e+03
2.500000000000000000e+03
2.500000000000000000e+03
4.800205912590890875e+03
4.812404644152652509e+03
4.817645123626150962e+03
4.822820591164302641e+03
4.833084410584975558e+03
4.851697088629156497e+03
4.876788509767742653e+03
4.937257982927420016e+03
4.941480194379085333e+03
4.936235476711200135e+03
4.929587328991603499e+03
4.913366770734731290e+03
4.889484023230054845e+03
4.814975060422263596e+03
4.721889091422184720e+03
4.686818611564757703e+03
2.500000000000000000e+03
2.500000000000000000e+03
2.500000000000000000e+03
2.500000000000000000e+03
2.500000000000000000e+03
2.500000000000000000e+03
2.500000000000000000e+03
2.500000000000000000e+03
2.500000000000000000e+03
2.500000000000000000e+03
2.500000000000000000e+03
2.500000000000000000e+03
2.500000000000000000e+03
2.500000000000000000e+03
2.500000000000000000e+03
4.619629491128598602e+03
4.575304266194096272e+03
4.579834420159353613e+03
4.588574210563792803e+03
4.575271258002222567e+03
4.565339909073257331e+03
4.572005209122619817e+03
4.573173033325077085e+03
4.602858429617201182e+03
4.624448801315563287e+03
4.604150222343914720e+03
4.583168318105441358e+03
4.518958713098121734e+03
4.207087453313368314e+03
2.500000000000000000e+03
3.708554173555388388e+03
2.500000000000000000e+03
2.500000000000000000e+03
2.500000000000000000e+03
2.500000000000000000e+03
2.500000000000000000e+03
2.500000000000000000e+03
2.500000000000000000e+03
2.500000000000000000e+03
2.500000000000000000e+03
2.500000000000000000e+03
2.500000000000000000e+03
2.500000000000000000e+03
2.500000000000000000e+03
2.500000000000000000e+03
2.500000000000000000e+03
2.500000000000000000e+03
2.500000000000000000e+03
2.500000000000000000e+03
2.500000000000000000e+03
2.500000000000000000e+03
2.500000000000000000e+03
2.500000000000000000e+03
2.500000000000000000e+03
2.500000000000000000e+03
2.500000000000000000e+03
2.500000000000000000e+03
2.500000000000000000e+03
2.500000000000000000e+03
2.500000000000000000e+03
2.500000000000000000e+03
2.500000000000000000e+03
2.500000000000000000e+03
2.500000000000000000e+03
2.500000000000000000e+03
2.500000000000000000e+03
2.500000000000000000e+03
2.500000000000000000e+03
2.500000000000000000e+03
2.500000000000000000e+03
2.500000000000000000e+03
2.500000000000000000e+03
2.500000000000000000e+03
2.500000000000000000e+03
2.500000000000000000e+03
2.500000000000000000e+03
2.500000000000000000e+03
2.500000000000000000e+03
2.500000000000000000e+03
2.500000000000000000e+03
2.500000000000000000e+03
2.500000000000000000e+03
2.500000000000000000e+03
2.500000000000000000e+03
2.500000000000000000e+03
2.500000000000000000e+03
2.500000000000000000e+03
2.500000000000000000e+03
2.500000000000000000e+03
2.500000000000000000e+03
2.500000000000000000e+03
2.500000000000000000e+03
2.500000000000000000e+03
2.500000000000000000e+03
2.500000000000000000e+03
2.500000000000000000e+03
2.500000000000000000e+03
2.500000000000000000e+03
2.500000000000000000e+03
2.500000000000000000e+03
2.500000000000000000e+03
2.500000000000000000e+03
2.500000000000000000e+03
2.500000000000000000e+03
2.500000000000000000e+03
2.500000000000000000e+03
2.500000000000000000e+03
2.500000000000000000e+03
2.500000000000000000e+03
2.500000000000000000e+03
4.699622534867558898e+03
4.723326450610513348e+03
4.718090217707793272e+03
4.709394697594772879e+03
4.728114399868879445e+03
4.751142201032946105e+03
4.839943344414401508e+03
4.905281084022563846e+03
4.911641168357549759e+03
4.918898261991384061e+03
4.927891140754222761e+03
4.925918971519537081e+03
4.926998485099165009e+03
4.921700869469106692e+03
4.910013633252484397e+03
4.882398755108356454e+03
4.852677047703269636e+03
4.845578005146849137e+03
4.888996545162134680e+03
4.970889031206451364e+03
5.053273041935596666e+03
5.080115975840271858e+03
5.089310649641689452e+03
5.080711337268640818e+03
5.065284137944787290e+03
5.051692381400114755e+03
5.045878616923684604e+03
5.043145953225496669e+03
5.038718288666063017e+03
5.032938517428257910e+03
5.022421253843950581e+03
4.981726919759314114e+03
4.950942246885267195e+03
4.905594923532057692e+03
4.870703507520322091e+03
4.858134357964087940e+03
4.855326210290500967e+03
4.855301136443131327e+03
4.849249388241690212e+03
4.835961843125768610e+03
4.837218903453820531e+03
4.841820818506621436e+03
4.807360136665161917e+03
4.612551952493528916e+03
4.358827696643123090e+03
4.298631455699525759e+03
4.377126293156923566e+03
4.522340101016950939e+03
4.677440448949912934e+03
4.681580926584556437e+03
4.689806071238993354e+03
4.672399533088328099e+03
4.658356890800965630e+03
4.629597318390197870e+03
4.668959711619041627e+03
4.695277189924556296e+03
4.707472049962928395e+03
4.701470572455043111e+03
4.690982318991053944e+03
4.671819964989255823e+03
4.648725135818251147e+03
4.591888682416950360e+03
4.516642653628573498e+03
4.438543440954412290e+03
4.391057425171521572e+03
4.326707889025619806e+03
2.500000000000000000e+03
2.500000000000000000e+03
4.408690259020630037e+03
4.579702728679711981e+03
4.546655441712825450e+03
4.513554332750786671e+03
4.494841591540784975e+03
4.482010177417500017e+03
4.468643475312704140e+03
4.455465962036497331e+03
4.438620022199519553e+03
4.421864497027416292e+03
4.403854526427682686e+03
4.391765152035722167e+03
4.382476026836039637e+03
4.376493164387617071e+03
4.374977906187409644e+03
4.388429329577492354e+03
4.400193068556131038e+03
4.426650386243059074e+03
4.461134210816343511e+03
4.480897399851543014e+03
4.493602840757246668e+03
4.499817903452636529e+03
4.502427302604501165e+03
4.448571093990803092e+03
4.416843519813178318e+03
4.384142801816932661e+03
2.500000000000000000e+03
2.500000000000000000e+03
2.500000000000000000e+03
2.500000000000000000e+03
2.500000000000000000e+03
2.500000000000000000e+03
2.500000000000000000e+03
2.500000000000000000e+03
2.500000000000000000e+03
2.500000000000000000e+03
2.500000000000000000e+03
2.500000000000000000e+03
2.500000000000000000e+03
2.500000000000000000e+03
2.500000000000000000e+03
2.500000000000000000e+03
2.500000000000000000e+03
2.500000000000000000e+03
2.500000000000000000e+03
2.500000000000000000e+03
2.500000000000000000e+03
2.500000000000000000e+03
2.500000000000000000e+03
2.500000000000000000e+03
2.500000000000000000e+03
2.500000000000000000e+03
2.500000000000000000e+03
2.500000000000000000e+03
2.500000000000000000e+03
2.500000000000000000e+03
2.500000000000000000e+03
2.500000000000000000e+03
2.500000000000000000e+03
2.500000000000000000e+03
2.500000000000000000e+03
2.500000000000000000e+03
2.500000000000000000e+03
2.500000000000000000e+03
2.500000000000000000e+03
2.500000000000000000e+03
2.500000000000000000e+03
2.500000000000000000e+03
2.500000000000000000e+03
2.500000000000000000e+03
2.500000000000000000e+03
2.500000000000000000e+03
2.500000000000000000e+03
2.500000000000000000e+03
2.500000000000000000e+03
2.500000000000000000e+03
2.500000000000000000e+03
2.500000000000000000e+03
2.500000000000000000e+03
2.500000000000000000e+03
2.500000000000000000e+03
2.500000000000000000e+03
2.500000000000000000e+03
2.500000000000000000e+03
2.500000000000000000e+03
2.500000000000000000e+03
2.500000000000000000e+03
2.500000000000000000e+03
2.500000000000000000e+03
2.500000000000000000e+03
2.500000000000000000e+03
2.500000000000000000e+03
2.500000000000000000e+03
2.500000000000000000e+03
2.500000000000000000e+03
2.500000000000000000e+03
4.720830976828464372e+03
4.744234744748468984e+03
4.762548150854077903e+03
4.761659198145881419e+03
4.780836117860946615e+03
4.848013730178921833e+03
4.909571867792567900e+03
5.034874164471148106e+03
5.128248994769856836e+03
5.186573170846550056e+03
5.247865429022189346e+03
5.316197208800042972e+03
5.351291332943911584e+03
5.385436306263339247e+03
5.415612420565439606e+03
5.433527592935558459e+03
5.441242349366822054e+03
5.432146778408165119e+03
5.405447870631081969e+03
5.346520072016273843e+03
5.245544233421655917e+03
5.213104250026866794e+03
5.179024443680320474e+03
5.142124549085844592e+03
5.124105126230289898e+03
5.095912111572723006e+03
5.084647539655067703e+03
5.070519787067034486e+03
5.044769909559655389e+03
5.016246681279066252e+03
4.980584054433609708e+03
4.928296867644303347e+03
4.878737073493470234e+03
4.849776146945157961e+03
4.807518845651389711e+03
4.816288776469730692e+03
4.833705497590336563e+03
4.822538896948358342e+03
4.806882217585554827e+03
4.801975337492847757e+03
4.800298539276991505e+03
4.814665144440534277e+03
4.825409123039730730e+03
4.938385755935569250e+03
5.001187181658291593e+03
5.021833170253225035e+03
5.033920255898902724e+03
5.058049514777760123e+03
5.073609715645618053e+03
5.100440341646248271e+03
5.117133689259387211e+03
5.128542962912528310e+03
5.133820049433539680e+03
5.119108466068621965e+03
5.089713923546231854e+03
5.046430013789029545e+03
4.975880371463978008e+03
4.891830896047805254e+03
4.802998898548499710e+03
4.819812711632169339e+03
4.814374163235154811e+03
4.812672381503848555e+03
4.793446099096233411e+03
4.761830026210129290e+03
4.754406224333897626e+03
4.724198978200441161e+03
4.757653033347746714e+03
4.736628088093688348e+03
4.731627864069427233e+03
4.715817307728077139e+03
4.710520541912030239e+03
4.698592914755241509e+03
4.689995081504044720e+03
4.680027415630964242e+03
4.667257273818947397e+03
4.652409933560018544e+03
4.636145687942494988e+03
4.627819907405993945e+03
4.653522681548878609e+03
4.654694398719281708e+03
4.644977374399282780e+03
4.637110866836798778e+03
4.635804043221200118e+03
4.638565729678520256e+03
4.642646185456973399e+03
4.657877700042934521e+03
4.661360102460265807e+03
4.664941803647055167e+03
4.661299952494689933e+03
4.674318600433389292e+03
4.694182324350244016e+03
4.714839415796088360e+03
4.741345247190804002e+03
4.761640933200442305e+03
4.783420426118335854e+03
4.803181606017476952e+03
4.825709849379716616e+03
4.860286687433314000e+03
4.893527092741463093e+03
4.927468225243198503e+03
4.945260363922549914e+03
4.946038454963773802e+03
4.857909977152115061e+03
4.767748607677052860e+03
4.703109506250999402e+03
4.596721246811714082e+03
2.500000000000000000e+03
2.500000000000000000e+03
2.500000000000000000e+03
2.500000000000000000e+03
2.500000000000000000e+03
2.500000000000000000e+03
2.500000000000000000e+03
2.500000000000000000e+03
2.500000000000000000e+03
2.500000000000000000e+03
2.500000000000000000e+03
2.500000000000000000e+03
4.796075997743854714e+03
4.780894526267822584e+03
4.723559912995131526e+03
4.672654011826025453e+03
4.630079443806169365e+03
4.592487189993587890e+03
4.585134454364661906e+03
4.554910596502776571e+03
4.545273785192004652e+03
4.533931307030605240e+03
4.532208079972195264e+03
4.493207223869971131e+03
4.453972053077843157e+03
4.407946889801956786e+03
2.500000000000000000e+03
2.500000000000000000e+03
2.500000000000000000e+03
2.500000000000000000e+03
2.500000000000000000e+03
2.500000000000000000e+03
2.500000000000000000e+03
2.500000000000000000e+03
2.500000000000000000e+03
4.752127740019064731e+03
4.909418629167739709e+03
4.914329168896629199e+03
4.909534312529835915e+03
4.936042255634340108e+03
4.958644206958320865e+03
4.997116864303572584e+03
4.977396194869092142e+03
4.962235762664650792e+03
4.929315534293285964e+03
4.888860376283584628e+03
4.841565384392632041e+03
4.794113877287353716e+03
4.704981289035550617e+03
4.582792043844277032e+03
4.464796130035615533e+03
4.270356132042153149e+03
4.105858163511915336e+03
2.500000000000000000e+03
2.500000000000000000e+03
2.500000000000000000e+03
2.500000000000000000e+03
2.500000000000000000e+03
2.500000000000000000e+03
2.500000000000000000e+03
2.500000000000000000e+03
2.500000000000000000e+03
2.500000000000000000e+03
2.500000000000000000e+03
2.500000000000000000e+03
2.500000000000000000e+03
2.500000000000000000e+03
2.500000000000000000e+03
2.500000000000000000e+03
4.621747490448016833e+03
4.634807066691096225e+03
4.692524782953107206e+03
4.720157844240573468e+03
4.738023775001340255e+03
4.751662596805317662e+03
4.768664722327654090e+03
4.772131389953705366e+03
4.779887570754249282e+03
4.780092211796323681e+03
4.771463885856553134e+03
4.749573246042185019e+03
4.716524011698783397e+03
4.699236499081404872e+03
4.694279208826429567e+03
4.677574671123524240e+03
4.566391893119802262e+03
2.500000000000000000e+03
2.500000000000000000e+03
2.500000000000000000e+03
2.500000000000000000e+03
3.708461936795349175e+03
2.500000000000000000e+03
2.500000000000000000e+03
4.663483134890768270e+03
4.670398095828975784e+03
4.644871138964898819e+03
4.623596055191993401e+03
4.615991134162981325e+03
4.603747089958973447e+03
4.593597656117829501e+03
4.584893790784817611e+03
4.585244056029577223e+03
4.592138749138950516e+03
4.600288516566666658e+03
4.604886520237491823e+03
4.599891808900395517e+03
4.596395195566858092e+03
4.599478675245862178e+03
4.600336778064499413e+03
4.600307245068854172e+03
4.579887871407307102e+03
4.562517705499039948e+03
4.572134558856922922e+03
4.583582695087949105e+03
4.593021715592751207e+03
4.593514856872716337e+03
4.572913259656361333e+03
4.531381865463369650e+03
4.493957899524254572e+03
4.471619049249162344e+03
4.443389453392905125e+03
4.437927108814899839e+03
4.427449845140062280e+03
4.430335174475299027e+03
4.442503032139948118e+03
4.532323706058273274e+03
4.637616988575448886e+03
4.647363963636866174e+03
4.651137112019304368e+03
4.654941954573250769e+03
4.705405590434063924e+03
4.759300880219283499e+03
4.767804407779979556e+03
4.776916307391236842e+03
4.773433472646887822e+03
4.756888238888569504e+03
4.724816580383272594e+03
4.651285395753802732e+03
4.507496144823373470e+03
4.451189085328613146e+03
4.417174906193718016e+03
4.490414392411470544e+03
4.409997824811012833e+03
2.500000000000000000e+03
2.500000000000000000e+03
2.500000000000000000e+03
2.500000000000000000e+03
2.500000000000000000e+03
2.500000000000000000e+03
2.500000000000000000e+03
2.500000000000000000e+03
2.500000000000000000e+03
4.671977315261980038e+03
4.653644568708443330e+03
4.637949817809843807e+03
4.575745979472422732e+03
4.547409542007068922e+03
4.514347463131555742e+03
4.485686743349103381e+03
4.466962002560122528e+03
4.459178823025536076e+03
4.451094737756304312e+03
4.451699075136303691e+03
4.461463731493276100e+03
4.459243947041586580e+03
4.468606426377387834e+03
4.470482359883311801e+03
4.476027310245926856e+03
4.489248506886076939e+03
4.491380953445587693e+03
4.468616012541579948e+03
4.457225788091634968e+03
4.347970605447976595e+03
2.500000000000000000e+03
2.500000000000000000e+03
2.500000000000000000e+03
2.500000000000000000e+03
2.500000000000000000e+03
2.500000000000000000e+03
2.500000000000000000e+03
2.500000000000000000e+03
2.500000000000000000e+03
2.500000000000000000e+03
2.500000000000000000e+03
2.500000000000000000e+03
2.500000000000000000e+03
2.500000000000000000e+03
2.500000000000000000e+03
2.500000000000000000e+03
2.500000000000000000e+03
2.500000000000000000e+03
2.500000000000000000e+03
2.500000000000000000e+03
2.500000000000000000e+03
2.500000000000000000e+03
2.500000000000000000e+03
2.500000000000000000e+03
2.500000000000000000e+03
2.500000000000000000e+03
2.500000000000000000e+03
2.500000000000000000e+03
2.500000000000000000e+03
2.500000000000000000e+03
2.500000000000000000e+03
2.500000000000000000e+03
2.500000000000000000e+03
2.500000000000000000e+03
2.500000000000000000e+03
2.500000000000000000e+03
2.500000000000000000e+03
2.500000000000000000e+03
2.500000000000000000e+03
2.500000000000000000e+03
2.500000000000000000e+03
2.500000000000000000e+03
2.500000000000000000e+03
2.500000000000000000e+03
2.500000000000000000e+03
2.500000000000000000e+03
2.500000000000000000e+03
2.500000000000000000e+03
2.500000000000000000e+03
2.500000000000000000e+03
2.500000000000000000e+03
2.500000000000000000e+03
2.500000000000000000e+03
2.500000000000000000e+03
2.500000000000000000e+03
2.500000000000000000e+03
2.500000000000000000e+03
2.500000000000000000e+03
2.500000000000000000e+03
2.500000000000000000e+03
2.500000000000000000e+03
2.500000000000000000e+03
2.500000000000000000e+03
2.500000000000000000e+03
2.500000000000000000e+03
2.500000000000000000e+03
2.500000000000000000e+03
2.500000000000000000e+03
2.500000000000000000e+03
2.500000000000000000e+03
2.500000000000000000e+03
2.500000000000000000e+03
2.500000000000000000e+03
2.500000000000000000e+03
2.500000000000000000e+03
2.500000000000000000e+03
2.500000000000000000e+03
2.500000000000000000e+03
2.500000000000000000e+03
2.500000000000000000e+03
2.500000000000000000e+03
2.500000000000000000e+03
2.500000000000000000e+03
2.500000000000000000e+03
2.500000000000000000e+03
2.500000000000000000e+03
2.500000000000000000e+03
2.500000000000000000e+03
4.711916153621641570e+03
4.816358823222316460e+03
4.782910031059242101e+03
4.785394804619498245e+03
4.802081011704024604e+03
4.884392572722711520e+03
4.914021115463842762e+03
4.944113832367772375e+03
4.961206270505064822e+03
4.981512702012085356e+03
5.009986901772773308e+03
5.027902923046259275e+03
5.037434318041247025e+03
5.041334185574304684e+03
5.022134858565867944e+03
4.975948985062014799e+03
4.929343132633431196e+03
4.885240253453474907e+03
4.810954043348604500e+03
4.905368256186870894e+03
4.979635429421049594e+03
5.015174000177697962e+03
5.022878597724439715e+03
5.020444877171590633e+03
5.023906850941844823e+03
5.075668493798639247e+03
5.081250661303621200e+03
5.076106514850385793e+03
5.066816865536569821e+03
5.056220994920245175e+03
5.038879137402105698e+03
4.981565103046647891e+03
4.856791674046558001e+03
4.728875066853954195e+03
2.500000000000000000e+03
2.500000000000000000e+03
2.500000000000000000e+03
2.500000000000000000e+03
2.500000000000000000e+03
2.500000000000000000e+03
2.500000000000000000e+03
2.500000000000000000e+03
2.500000000000000000e+03
2.500000000000000000e+03
4.902276297693129891e+03
4.916098512851504893e+03
4.894592753446620918e+03
4.853630628364175209e+03
4.849954088011031672e+03
4.855797158148950984e+03
4.841950400881455607e+03
4.827366017410346103e+03
4.811659838295224290e+03
4.805147134248417387e+03
4.790081498479748916e+03
4.782375386172116123e+03
4.783798183582429374e+03
4.776617610080739723e+03
4.776603839488358062e+03
4.757969707355197897e+03
4.740076493897931869e+03
4.712793211920581598e+03
4.697758904583532967e+03
4.706323330213119334e+03
4.750701227478080000e+03
4.737859563181077647e+03
4.730011486762390632e+03
4.732239039890899221e+03
4.739652520190372343e+03
4.741239673146763380e+03
4.737793918446865064e+03
4.739147005187645846e+03
4.735966732218945253e+03
4.737141105801652884e+03
4.740476116989217189e+03
4.748374325030647924e+03
4.747755589742715529e+03
4.749233000798280045e+03
4.747321141378568427e+03
4.751350158066388758e+03
4.749234873486672768e+03
4.745876975057848540e+03
4.742687490241823980e+03
4.751405389016628760e+03
4.739326605660507994e+03
4.728478442406016256e+03
4.704076858013552737e+03
4.690311382435773339e+03
4.671704650181758552e+03
4.678876969860945792e+03
4.673222711428866205e+03
4.682593922719102920e+03
4.672500868470400746e+03
4.668562044936178609e+03
4.685785459765736050e+03
4.675858852022932297e+03
4.656023432896861777e+03
4.612679261666252387e+03
4.564150728287799211e+03
4.522972050654610939e+03
4.432615723496410283e+03
2.500000000000000000e+03
2.500000000000000000e+03
2.500000000000000000e+03
2.500000000000000000e+03
4.781519264780895355e+03
4.798274812141335133e+03
4.797680515124553494e+03
4.796946814066021943e+03
4.798027436295013104e+03
4.812642115771204772e+03
4.861249716858625106e+03
4.892892328963808723e+03
4.887204356200323673e+03
4.887435041374405955e+03
4.862281249565298822e+03
4.822011072026210059e+03
4.722288458935674498e+03
4.628696676617912090e+03
4.588379719403721538e+03
2.500000000000000000e+03
2.500000000000000000e+03
2.500000000000000000e+03
2.500000000000000000e+03
2.500000000000000000e+03
2.500000000000000000e+03
2.500000000000000000e+03
2.500000000000000000e+03
2.500000000000000000e+03
2.500000000000000000e+03
2.500000000000000000e+03
2.500000000000000000e+03
2.500000000000000000e+03
2.500000000000000000e+03
4.509535019216704313e+03
4.719136669587463984e+03
4.715779235884214359e+03
4.723537216644881482e+03
4.706014233314773264e+03
4.694550501995988270e+03
4.690456462592894241e+03
4.686623543428309858e+03
4.692988676732937165e+03
4.687642041086891368e+03
4.684354890963502839e+03
4.675519208423786949e+03
4.670547159925638880e+03
4.661799284532248748e+03
4.660282881513431676e+03
4.657644500857810272e+03
4.647545748752191685e+03
4.648556784530110235e+03
4.641094026936906630e+03
4.647679855612034771e+03
4.651512343194857749e+03
4.661206536266356125e+03
4.668449398421193109e+03
4.668094675604858821e+03
4.675965041626755919e+03
4.663231703638899489e+03
4.648242337068376401e+03
4.620262160490652604e+03
4.559466211153750919e+03
2.500000000000000000e+03
2.500000000000000000e+03
2.500000000000000000e+03
2.500000000000000000e+03
2.500000000000000000e+03
2.500000000000000000e+03
2.500000000000000000e+03
2.500000000000000000e+03
2.500000000000000000e+03
2.500000000000000000e+03
2.500000000000000000e+03
2.500000000000000000e+03
2.500000000000000000e+03
2.500000000000000000e+03
2.500000000000000000e+03
2.500000000000000000e+03
2.500000000000000000e+03
2.500000000000000000e+03
2.500000000000000000e+03
2.500000000000000000e+03
2.500000000000000000e+03
2.500000000000000000e+03
2.500000000000000000e+03
2.500000000000000000e+03
2.500000000000000000e+03
2.500000000000000000e+03
2.500000000000000000e+03
2.500000000000000000e+03
2.500000000000000000e+03
2.500000000000000000e+03
2.500000000000000000e+03
2.500000000000000000e+03
2.500000000000000000e+03
2.500000000000000000e+03
4.857703674249883989e+03
4.831108756401605206e+03
4.831827704331648420e+03
4.888860579528698509e+03
4.929849950532847288e+03
4.969236923372226556e+03
5.019107877941137303e+03
5.045710620338196350e+03
5.070870378170229742e+03
5.092727899262073151e+03
5.115678226908193210e+03
5.125503000519845045e+03
5.151294189151997671e+03
5.160428721297271295e+03
5.170226007619267875e+03
5.165998481070496382e+03
5.131957368971112373e+03
5.055282287125121002e+03
5.024495358241663780e+03
4.982958542661886895e+03
4.959719120122595996e+03
4.931614615056319963e+03
4.927508971131239377e+03
4.916010078583417453e+03
4.887051566293760516e+03
4.851047525077139653e+03
4.822683867499885309e+03
4.768830394915751640e+03
4.734966505122972194e+03
4.699629903289096546e+03
4.600379636027979359e+03
4.498631090220001170e+03
4.418738226187416331e+03
4.380170817651667676e+03
4.395969648757192772e+03
2.500000000000000000e+03
2.500000000000000000e+03
2.500000000000000000e+03
2.500000000000000000e+03
4.538085977242957597e+03
4.741347460414232955e+03
4.763603913441142140e+03
4.775522343308532982e+03
4.784755706949531486e+03
4.809204310502607768e+03
4.827984738040409866e+03
4.861769224542362281e+03
4.876301333047023945e+03
4.874279313145366359e+03
4.870111272802009807e+03
4.869708322355906603e+03
4.843128309802611511e+03
4.828384257000362595e+03
4.849546417938549894e+03
4.866812376550739828e+03
4.869988404430651826e+03
4.871029838199362530e+03
4.875048782526014293e+03
4.879870714687894178e+03
4.881697243360047651e+03
4.860080460922743441e+03
4.761771627218879075e+03
4.675680015847974573e+03
2.500000000000000000e+03
2.500000000000000000e+03
2.500000000000000000e+03
2.500000000000000000e+03
2.500000000000000000e+03
2.500000000000000000e+03
2.500000000000000000e+03
2.500000000000000000e+03
2.500000000000000000e+03
2.500000000000000000e+03
2.500000000000000000e+03
4.717526308906831218e+03
4.720903762508454747e+03
4.718932990133505882e+03
4.697627827139831425e+03
4.678401130956743145e+03
4.635570321748946299e+03
4.581806164325049394e+03
4.547013033417880251e+03
4.495939962016496793e+03
4.451670688169475397e+03
4.397851969787916460e+03
2.500000000000000000e+03
2.500000000000000000e+03
2.500000000000000000e+03
2.500000000000000000e+03
2.500000000000000000e+03
2.500000000000000000e+03
2.500000000000000000e+03
4.604198855447918504e+03
4.627249568273358818e+03
4.580471840253421760e+03
4.562224297265387577e+03
4.552223157817534229e+03
4.543121740953505650e+03
4.540270760499375683e+03
4.533471806086623474e+03
4.536043840646470926e+03
4.516983822913296535e+03
4.499263607023089207e+03
4.488238359463684901e+03
4.479218007417304761e+03
4.473515491537913476e+03
4.469271502523124582e+03
4.467049006410064976e+03
4.462320477868298440e+03
4.459928642898571525e+03
4.470072880927787992e+03
4.494097681541638849e+03
4.503866668045118786e+03
4.498591112587499993e+03
4.471152019365265005e+03
4.434229522433091915e+03
4.409993268679092580e+03
4.431866548213971328e+03
4.372105858163886296e+03
2.500000000000000000e+03
2.500000000000000000e+03
2.500000000000000000e+03
2.500000000000000000e+03
2.500000000000000000e+03
2.500000000000000000e+03
2.500000000000000000e+03
2.500000000000000000e+03
2.500000000000000000e+03
2.500000000000000000e+03
2.500000000000000000e+03
2.500000000000000000e+03
2.500000000000000000e+03
2.500000000000000000e+03
2.500000000000000000e+03
2.500000000000000000e+03
2.500000000000000000e+03
2.500000000000000000e+03
2.500000000000000000e+03
2.500000000000000000e+03
2.500000000000000000e+03
2.500000000000000000e+03
2.500000000000000000e+03
2.500000000000000000e+03
2.500000000000000000e+03
2.500000000000000000e+03
2.500000000000000000e+03
2.500000000000000000e+03
2.500000000000000000e+03
2.500000000000000000e+03
2.500000000000000000e+03
2.500000000000000000e+03
2.500000000000000000e+03
2.500000000000000000e+03
2.500000000000000000e+03
2.500000000000000000e+03
2.500000000000000000e+03
2.500000000000000000e+03
2.500000000000000000e+03
2.500000000000000000e+03
2.500000000000000000e+03
2.500000000000000000e+03
2.500000000000000000e+03
2.500000000000000000e+03
2.500000000000000000e+03
2.500000000000000000e+03
2.500000000000000000e+03
2.500000000000000000e+03
2.500000000000000000e+03
2.500000000000000000e+03
2.500000000000000000e+03
2.500000000000000000e+03
2.500000000000000000e+03
2.500000000000000000e+03
2.500000000000000000e+03
2.500000000000000000e+03
2.500000000000000000e+03
2.500000000000000000e+03
2.500000000000000000e+03
2.500000000000000000e+03
2.500000000000000000e+03
2.500000000000000000e+03
2.500000000000000000e+03
2.500000000000000000e+03
2.500000000000000000e+03
2.500000000000000000e+03
2.500000000000000000e+03
2.500000000000000000e+03
2.500000000000000000e+03
2.500000000000000000e+03
2.500000000000000000e+03
2.500000000000000000e+03
2.500000000000000000e+03
2.500000000000000000e+03
2.500000000000000000e+03
2.500000000000000000e+03
2.500000000000000000e+03
2.500000000000000000e+03
5.006743036124604259e+03
5.051574162188417176e+03
5.052665024567155342e+03
5.051035505823381754e+03
5.059678893269901891e+03
5.072633053325747824e+03
5.085200155429760343e+03
5.093106174141212250e+03
5.104404671813569621e+03
5.123308496418271716e+03
5.141920858832655540e+03
5.154720539237921912e+03
5.163997442428917566e+03
5.157005479183922944e+03
5.131739760782376834e+03
5.080164565878885696e+03
5.070086939683184028e+03
5.047987860238611574e+03
5.016358652102207088e+03
5.018609749018555704e+03
5.007054389146543144e+03
4.960175385613984872e+03
4.934294771577907341e+03
4.886641550703813664e+03
4.858851995078798609e+03
4.808054407708880717e+03
4.722929894929321563e+03
4.660689526544918408e+03
4.612055261854188757e+03
4.552342515367483429e+03
4.534575251486798152e+03
4.480298925113966106e+03
4.439405410505661166e+03
2.500000000000000000e+03
4.797909840056159737e+03
4.782112325238091216e+03
4.740537453016137988e+03
4.747941795775270293e+03
4.753462641489571979e+03
4.759352682140144680e+03
4.754289142106445070e+03
4.760789704263165731e+03
4.771816752389349858e+03
4.782811067215420735e+03
4.780031395567573782e+03
4.780373540213532578e+03
4.782140211158794955e+03
4.786218604384919672e+03
4.794019952996587563e+03
4.799681826026386261e+03
4.806695211550370914e+03
4.810278268160187508e+03
4.812924469188978037e+03
4.822276694317730289e+03
4.827792944607845129e+03
4.829784266206646862e+03
4.822494125730331689e+03
4.821829707272591804e+03
4.850349193135449241e+03
4.862405078874888204e+03
4.857531081020606507e+03
4.853241458269671057e+03
4.845511527306477547e+03
4.860845731130593776e+03
4.880615648338185565e+03
4.891219866302772971e+03
4.890174060715414271e+03
4.876994802117527797e+03
4.879672529194839626e+03
4.870111272802009807e+03
4.842444520873837973e+03
4.792984301162407064e+03
4.800504845803490753e+03
4.777319331547691945e+03
4.752408041466119357e+03
4.623179180566999094e+03
2.500000000000000000e+03
2.500000000000000000e+03
2.500000000000000000e+03
2.500000000000000000e+03
2.500000000000000000e+03
4.566507217328884508e+03
4.608405356456225491e+03
4.649540625593981531e+03
4.645275103075763582e+03
4.622517471801641477e+03
4.607501270894066693e+03
4.613337710702257027e+03
4.616946209015066415e+03
4.612623475653032983e+03
4.610011919110202143e+03
4.609668898472232286e+03
4.621812113286665408e+03
4.649497683946758116e+03
4.649406196015970636e+03
4.647360809099409380e+03
4.641139170877080687e+03
4.631974777221884324e+03
4.624303292226484700e+03
4.627442578076523205e+03
4.627492688554530105e+03
4.633976010352020239e+03
4.681224072453445842e+03
4.702436463468539841e+03
4.717094419251867293e+03
4.747492948966861150e+03
4.774241701273416766e+03
4.809118118224497266e+03
4.832655007316605406e+03
4.856924074289087002e+03
4.880304191905377593e+03
4.899270731681223879e+03
4.905671814593405543e+03
4.897197505700587499e+03
4.877387671936063271e+03
4.845726581185505893e+03
4.795580152794826063e+03
4.724812223187754171e+03
4.669361439924488877e+03
4.655927406348067962e+03
4.630697099865299606e+03
4.623282608954467833e+03
4.662543669610055076e+03
4.670273116501609366e+03
4.677763758616162704e+03
4.667575330972453230e+03
4.663490774495299775e+03
4.642661649641178883e+03
4.644556372370759163e+03
4.638817598461379021e+03
4.636741787659362672e+03
4.643628940931479519e+03
4.647151662126143492e+03
4.650151961775965901e+03
4.647355785194555210e+03
4.649235926905889755e+03
4.651514324628562463e+03
4.647904122617106623e+03
4.647905524194537065e+03
4.650023879056052465e+03
4.643955114443680031e+03
4.643569928103294842e+03
4.646044398076819562e+03
4.643683502590022727e+03
4.649462559687958674e+03
4.657404765366796710e+03
4.661886875861527187e+03
4.652510698435768063e+03
4.656343327956873509e+03
4.643176106480639646e+03
4.660802447227200901e+03
4.690039652088050389e+03
4.753603953487105173e+03
4.744830663961347454e+03
4.678133492996044879e+03
2.500000000000000000e+03
2.500000000000000000e+03
2.500000000000000000e+03
2.500000000000000000e+03
2.500000000000000000e+03
2.500000000000000000e+03
2.500000000000000000e+03
2.500000000000000000e+03
4.308636714522389411e+03
4.431054299842305227e+03
4.651186774495856298e+03
4.714253314644913189e+03
4.743810130729387311e+03
4.719668454805694637e+03
4.722180597385452529e+03
4.717107773650916897e+03
4.714127077440623907e+03
4.705530318656184136e+03
4.706961338560009608e+03
4.682528781746741515e+03
4.682199375887711540e+03
4.693012459889368984e+03
4.672327903819723360e+03
4.395577156356523119e+03
2.500000000000000000e+03
2.500000000000000000e+03
2.500000000000000000e+03
2.500000000000000000e+03
2.500000000000000000e+03
2.500000000000000000e+03
2.500000000000000000e+03
2.500000000000000000e+03
4.521249184677811172e+03
4.592435694152180986e+03
4.647747839616467900e+03
4.654932764927492826e+03
4.670765026351073175e+03
4.654208723450496109e+03
4.618608304824788320e+03
4.563953473729801772e+03
4.554822475116471651e+03
4.570657444627178847e+03
4.577978152484459315e+03
4.578522403625896914e+03
4.556824250374701478e+03
4.489605483566239855e+03
4.315607918194383274e+03
2.500000000000000000e+03
2.500000000000000000e+03
4.522626158060262242e+03
4.491258724408784474e+03
4.532255280322399813e+03
4.572470090944742878e+03
4.603079948266354222e+03
4.614103103592271509e+03
4.619604796904526665e+03
4.604586434016173371e+03
4.594645622149997507e+03
4.595954748423173442e+03
4.597781872102113994e+03
4.601068339220644702e+03
4.601814944958468914e+03
4.604336961223256367e+03
4.600720301093428134e+03
4.605370069304705794e+03
4.592833752135106806e+03
4.589537520157108702e+03
4.590462503300303979e+03
4.600261263832984696e+03
4.613403124812317401e+03
4.618685755107337172e+03
4.610493680875390055e+03
4.587894423690903750e+03
4.569479366964014844e+03
2.500000000000000000e+03
2.500000000000000000e+03
4.508827774220832907e+03
4.483144849261289892e+03
4.442236570029946961e+03
4.417143812222492670e+03
4.423305376861610966e+03
4.395349997040579183e+03
2.500000000000000000e+03
2.500000000000000000e+03
2.500000000000000000e+03
2.500000000000000000e+03
2.500000000000000000e+03
2.500000000000000000e+03
4.449141596082588876e+03
4.370631306860574114e+03
4.355184322093795345e+03
4.340657663697676981e+03
4.322168310944720361e+03
4.326712247875610956e+03
4.337910801920689664e+03
4.326477416777973303e+03
4.320259552602723488e+03
2.500000000000000000e+03
3.342693964873413734e+03
3.338909745553485209e+03
3.343845505322752160e+03
3.358519716791461178e+03
3.369026027817538306e+03
2.500000000000000000e+03
2.500000000000000000e+03
4.461812177232290196e+03
4.421130359298283111e+03
2.500000000000000000e+03
2.500000000000000000e+03
2.500000000000000000e+03
2.500000000000000000e+03
2.500000000000000000e+03
2.500000000000000000e+03
2.500000000000000000e+03
2.500000000000000000e+03
2.500000000000000000e+03
2.500000000000000000e+03
2.500000000000000000e+03
2.500000000000000000e+03
2.500000000000000000e+03
2.500000000000000000e+03
2.500000000000000000e+03
2.500000000000000000e+03
2.500000000000000000e+03
2.500000000000000000e+03
2.500000000000000000e+03
2.500000000000000000e+03
2.500000000000000000e+03
2.500000000000000000e+03
2.500000000000000000e+03
2.500000000000000000e+03
2.500000000000000000e+03
2.500000000000000000e+03
2.500000000000000000e+03
2.500000000000000000e+03
2.500000000000000000e+03
2.500000000000000000e+03
2.500000000000000000e+03
2.500000000000000000e+03
2.500000000000000000e+03
2.500000000000000000e+03
2.500000000000000000e+03
2.500000000000000000e+03
2.500000000000000000e+03
2.500000000000000000e+03
2.500000000000000000e+03
2.500000000000000000e+03
2.500000000000000000e+03
2.500000000000000000e+03
2.500000000000000000e+03
2.500000000000000000e+03
2.500000000000000000e+03
2.500000000000000000e+03
2.500000000000000000e+03
2.500000000000000000e+03
2.500000000000000000e+03
2.500000000000000000e+03
2.500000000000000000e+03
2.500000000000000000e+03
2.500000000000000000e+03
2.500000000000000000e+03
2.500000000000000000e+03
2.500000000000000000e+03
2.500000000000000000e+03
2.500000000000000000e+03
2.500000000000000000e+03
2.500000000000000000e+03
2.500000000000000000e+03
2.500000000000000000e+03
2.500000000000000000e+03
2.500000000000000000e+03
2.500000000000000000e+03
2.500000000000000000e+03
2.500000000000000000e+03
2.500000000000000000e+03
2.500000000000000000e+03
2.500000000000000000e+03
2.500000000000000000e+03
2.500000000000000000e+03
2.500000000000000000e+03
2.500000000000000000e+03
2.500000000000000000e+03
2.500000000000000000e+03
2.500000000000000000e+03
2.500000000000000000e+03
2.500000000000000000e+03
2.500000000000000000e+03
2.500000000000000000e+03
2.500000000000000000e+03
2.500000000000000000e+03
2.500000000000000000e+03
2.500000000000000000e+03
2.500000000000000000e+03
2.500000000000000000e+03
4.575133128335357469e+03
4.708669176319895087e+03
4.628428093617430022e+03
4.566136609983969720e+03
4.578511948223065701e+03
4.580282995008033140e+03
4.577537738295959571e+03
4.579596420593427865e+03
4.584406184005211799e+03
4.591122575504682573e+03
4.620739180351441064e+03
4.666878855211560222e+03
4.690111350185110496e+03
4.699026042146907457e+03
4.725012642832374695e+03
4.753201414684747760e+03
4.794400556379270711e+03
4.822862503515249045e+03
4.841411750714729351e+03
4.837469221992124403e+03
4.826411867867536785e+03
4.808590549257270141e+03
4.808861857071100530e+03
4.799950468291655852e+03
4.775010590876567221e+03
4.755775805715711613e+03
4.743235636678381525e+03
4.757946580823156182e+03
4.803743382757917061e+03
4.849600578518477050e+03
4.905734814409817773e+03
4.940379886094607173e+03
4.942024666187499861e+03
4.931058329839378530e+03
4.918578434102852952e+03
4.900646592229594717e+03
4.878870156912103084e+03
4.831725931043730270e+03
4.741431560808020549e+03
4.684690747547256251e+03
2.500000000000000000e+03
2.500000000000000000e+03
2.500000000000000000e+03
2.500000000000000000e+03
2.500000000000000000e+03
2.500000000000000000e+03
2.500000000000000000e+03
2.500000000000000000e+03
2.500000000000000000e+03
4.755652779813487541e+03
4.829810238097672482e+03
4.796583705604007264e+03
4.764986653773680700e+03
4.731395932411371177e+03
4.731392816035509895e+03
4.719912830696710444e+03
4.709380494501830071e+03
4.700562718837891225e+03
4.680672092485052417e+03
4.680692607241482619e+03
4.683760778711472085e+03
4.701809578708355730e+03
4.694729673167039437e+03
4.698209599071248704e+03
4.698065053751005507e+03
4.711387385876158078e+03
4.711271186180113546e+03
4.707223654240393444e+03
4.692171316257549734e+03
4.660605352949381995e+03
4.685801571795969721e+03
4.729687317108125171e+03
4.743318871654075338e+03
4.725796000705581719e+03
4.721840409060031561e+03
4.716850430836857413e+03
4.707013150185499399e+03
4.705051353957736865e+03
4.696502308998014996e+03
4.691615413624964276e+03
4.680920889132496995e+03
4.676972369605653512e+03
4.672044812533014920e+03
4.675184327014292649e+03
4.673011600626199652e+03
4.675828625869095049e+03
4.685898012302932329e+03
4.691117090267367530e+03
4.694226673550975647e+03
4.713677809658962360e+03
4.718895659379819335e+03
4.721098253227099121e+03
4.709680425545898288e+03
4.694672604159341063e+03
4.669898470347305192e+03
4.650242827103556010e+03
4.636777993810939734e+03
4.623854374679827743e+03
4.621339184346713409e+03
4.603576344380811861e+03
4.598222936494029454e+03
4.598326304098245600e+03
4.598758938717682213e+03
4.601829818613312455e+03
4.587508774123746662e+03
4.545709473512175464e+03
4.524377509074150112e+03
4.504307571529937377e+03
4.508819673839282586e+03
4.437564062313803333e+03
4.478851284268968811e+03
4.596343334524215607e+03
4.634469277463346771e+03
4.596334069162772721e+03
4.574347869832405195e+03
4.576880375022730732e+03
4.578918325143067705e+03
4.613089495886482837e+03
4.622509767756813744e+03
4.614352602141742864e+03
4.604979553167495396e+03
4.592507812020453457e+03
4.590053876035006397e+03
4.573717577801063271e+03
4.567697594847808432e+03
4.557269226446140237e+03
4.564670666467180126e+03
4.569004879685746346e+03
4.572454962897809310e+03
4.572193739239342904e+03
4.566502198069920269e+03
4.556454149964198223e+03
4.545142784642045626e+03
4.542894773423134211e+03
4.542696198965625626e+03
4.545877721961755014e+03
4.544842325886443177e+03
4.534324961034841181e+03
4.521880402026619777e+03
4.520802519682445563e+03
4.517469507786928261e+03
4.510924624349543592e+03
4.506172744057050295e+03
4.507308669649009062e+03
4.501478203428889174e+03
4.505618576833559928e+03
4.513955675635737862e+03
4.541331252148235762e+03
4.558174704166306583e+03
4.563696481935207885e+03
4.570064779838840877e+03
4.570896554051480962e+03
4.567473704344425641e+03
4.562465923970621589e+03
4.547429841595364451e+03
4.519475795810720228e+03
4.495190017924012864e+03
4.464005423481794423e+03
4.472294861927828606e+03
4.484908731196828739e+03
4.504218993717780904e+03
4.489445883513919398e+03
4.489240698398521090e+03
4.473234897860329511e+03
2.500000000000000000e+03
2.500000000000000000e+03
2.500000000000000000e+03
2.500000000000000000e+03
2.500000000000000000e+03
2.500000000000000000e+03
2.500000000000000000e+03
2.500000000000000000e+03
2.500000000000000000e+03
2.500000000000000000e+03
2.500000000000000000e+03
2.500000000000000000e+03
2.500000000000000000e+03
2.500000000000000000e+03
2.500000000000000000e+03
2.500000000000000000e+03
2.500000000000000000e+03
2.500000000000000000e+03
2.500000000000000000e+03
2.500000000000000000e+03
2.500000000000000000e+03
2.500000000000000000e+03
2.500000000000000000e+03
2.500000000000000000e+03
2.500000000000000000e+03
2.500000000000000000e+03
2.500000000000000000e+03
2.500000000000000000e+03
2.500000000000000000e+03
2.500000000000000000e+03
2.500000000000000000e+03
2.500000000000000000e+03
2.500000000000000000e+03
2.500000000000000000e+03
2.500000000000000000e+03
2.500000000000000000e+03
2.500000000000000000e+03
2.500000000000000000e+03
2.500000000000000000e+03
2.500000000000000000e+03
2.500000000000000000e+03
2.500000000000000000e+03
2.500000000000000000e+03
2.500000000000000000e+03
2.500000000000000000e+03
2.500000000000000000e+03
2.500000000000000000e+03
2.500000000000000000e+03
2.500000000000000000e+03
2.500000000000000000e+03
2.500000000000000000e+03
2.500000000000000000e+03
2.500000000000000000e+03
2.500000000000000000e+03
4.994036603507040127e+03
5.086746541826270914e+03
5.160815766416406404e+03
5.222301143004420737e+03
5.271794281909217716e+03
5.309584710003092368e+03
5.327636566976419999e+03
5.328343110411109592e+03
5.301730045451241494e+03
5.178796685224369867e+03
5.057511947806271564e+03
2.500000000000000000e+03
2.500000000000000000e+03
2.500000000000000000e+03
2.500000000000000000e+03
2.500000000000000000e+03
2.500000000000000000e+03
2.500000000000000000e+03
4.872168125380245328e+03
4.992983177258148316e+03
4.942516948371614490e+03
4.935640318355881391e+03
4.912422884656753013e+03
4.918000356617868420e+03
4.902905413104640502e+03
4.907955652341768655e+03
4.934655058698891480e+03
4.930155200488293303e+03
4.910953616076979415e+03
4.899212345001427821e+03
4.882323475578596117e+03
4.864745437513885008e+03
4.844832223388021703e+03
4.821487840622820841e+03
4.741723888551889104e+03
4.673257356925922068e+03
4.531766606988286185e+03
4.484070925188116234e+03
2.500000000000000000e+03
2.500000000000000000e+03
2.500000000000000000e+03
2.500000000000000000e+03
2.500000000000000000e+03
2.500000000000000000e+03
2.500000000000000000e+03
2.500000000000000000e+03
4.701985056871868437e+03
4.928476453889498771e+03
4.924946276087615843e+03
4.920302328315641716e+03
4.903128573156172934e+03
4.875999132713032850e+03
4.857746095610716111e+03
4.823738313378663406e+03
4.793996229598228638e+03
4.772283904448931935e+03
4.747476629081598730e+03
4.718817968473771543e+03
4.663944113088242375e+03
2.500000000000000000e+03
4.539502476855503119e+03
4.567870080898551350e+03
4.581613338440731241e+03
4.575899280123109747e+03
4.546312515195924789e+03
4.499194371126480291e+03
4.479016499572055181e+03
4.433152633630439595e+03
4.489603947789815720e+03
4.514267977185954805e+03
2.500000000000000000e+03
2.500000000000000000e+03
4.557430571255497853e+03
4.727805042925698217e+03
4.690346143518103418e+03
4.670462887833093191e+03
4.657912770111464852e+03
4.631765885152235569e+03
2.500000000000000000e+03
2.500000000000000000e+03
2.500000000000000000e+03
2.500000000000000000e+03
2.500000000000000000e+03
2.500000000000000000e+03
2.500000000000000000e+03
2.500000000000000000e+03
2.500000000000000000e+03
2.500000000000000000e+03
2.500000000000000000e+03
2.500000000000000000e+03
2.500000000000000000e+03
2.500000000000000000e+03
2.500000000000000000e+03
2.500000000000000000e+03
2.500000000000000000e+03
2.500000000000000000e+03
2.500000000000000000e+03
2.500000000000000000e+03
2.500000000000000000e+03
2.500000000000000000e+03
2.500000000000000000e+03
2.500000000000000000e+03
2.500000000000000000e+03
2.500000000000000000e+03
2.500000000000000000e+03
2.500000000000000000e+03
2.500000000000000000e+03
2.500000000000000000e+03
2.500000000000000000e+03
2.500000000000000000e+03
2.500000000000000000e+03
2.500000000000000000e+03
2.500000000000000000e+03
2.500000000000000000e+03
2.500000000000000000e+03
2.500000000000000000e+03
2.500000000000000000e+03
2.500000000000000000e+03
2.500000000000000000e+03
2.500000000000000000e+03
2.500000000000000000e+03
2.500000000000000000e+03
2.500000000000000000e+03
2.500000000000000000e+03
2.500000000000000000e+03
2.500000000000000000e+03
2.500000000000000000e+03
2.500000000000000000e+03
2.500000000000000000e+03
2.500000000000000000e+03
2.500000000000000000e+03
2.500000000000000000e+03
2.500000000000000000e+03
2.500000000000000000e+03
2.500000000000000000e+03
2.500000000000000000e+03
2.500000000000000000e+03
2.500000000000000000e+03
2.500000000000000000e+03
2.500000000000000000e+03
2.500000000000000000e+03
2.500000000000000000e+03
2.500000000000000000e+03
2.500000000000000000e+03
2.500000000000000000e+03
2.500000000000000000e+03
2.500000000000000000e+03
2.500000000000000000e+03
2.500000000000000000e+03
2.500000000000000000e+03
2.500000000000000000e+03
2.500000000000000000e+03
2.500000000000000000e+03
2.500000000000000000e+03
2.500000000000000000e+03
2.500000000000000000e+03
2.500000000000000000e+03
2.500000000000000000e+03
2.500000000000000000e+03
2.500000000000000000e+03
2.500000000000000000e+03
2.500000000000000000e+03
2.500000000000000000e+03
2.500000000000000000e+03
2.500000000000000000e+03
2.500000000000000000e+03
2.500000000000000000e+03
2.500000000000000000e+03
2.500000000000000000e+03
4.835047853845639111e+03
4.887566644277153500e+03
4.909105281238179487e+03
4.895914849326490184e+03
4.898016904560709008e+03
4.910259968938587917e+03
4.918001555733959322e+03
4.935278257560210477e+03
4.956794919323802787e+03
4.972120443987787439e+03
5.006617909594990124e+03
5.021467987432870359e+03
5.033681930276433377e+03
5.046697204564099593e+03
5.049341096931329048e+03
5.046720396262721806e+03
5.018157123078565746e+03
4.885748947790628335e+03
4.568894489578810862e+03
4.488087599895660787e+03
4.452117892318467057e+03
4.557927556602824552e+03
2.500000000000000000e+03
2.500000000000000000e+03
2.500000000000000000e+03
2.500000000000000000e+03
2.500000000000000000e+03
2.500000000000000000e+03
2.500000000000000000e+03
4.522036286318445491e+03
4.636024796932908430e+03
4.633126649467404604e+03
4.604373013042450111e+03
4.583339633430603499e+03
4.567660404113839832e+03
4.609124916809045317e+03
4.727393001590283347e+03
4.793184070735326713e+03
4.819372387018093832e+03
4.861310946754271754e+03
4.886830800734873264e+03
4.902929403686177466e+03
4.921628675743885651e+03
4.941276121183903342e+03
4.955113455490512933e+03
4.969448397374190790e+03
4.975907237393897958e+03
4.988637385200991957e+03
4.988388521569395380e+03
4.991645669225973506e+03
4.975860076780063537e+03
4.971897866312398946e+03
4.954587760784945203e+03
4.929819382878311444e+03
4.910945188005465752e+03
4.883909977352009264e+03
4.859386797532652054e+03
4.828009473846211222e+03
4.794883435158299108e+03
4.750309242291990813e+03
4.651551039019232121e+03
4.624080920294218231e+03
4.646703605305270685e+03
4.693982511425590928e+03
4.685957884985762576e+03
4.662913657941277961e+03
4.647505561398453210e+03
4.618638358796742978e+03
4.599042976654382073e+03
4.575015209988213428e+03
4.558058331461049420e+03
4.596265239211057633e+03
4.579597514081257032e+03
4.554124123991891793e+03
4.543563677625415949e+03
4.536262738455103317e+03
4.534155211840913580e+03
4.536576896274375940e+03
4.539349400986304317e+03
4.535284024350875370e+03
4.521914067187702130e+03
4.525716652148425055e+03
4.521390173162960309e+03
4.514842464882864988e+03
4.506289234801913153e+03
4.481753070271593060e+03
4.438818115970228064e+03
4.411245619525997427e+03
4.392359419098256694e+03
4.323893578563066512e+03
4.333549986714559054e+03
2.500000000000000000e+03
4.558361302419183630e+03
4.587469587610086819e+03
4.568565722526000172e+03
4.539920226760191326e+03
4.538915218612899480e+03
4.529659223980169372e+03
4.535568075409068115e+03
4.549633406581820054e+03
4.555592984820455058e+03
4.554301419677327431e+03
4.550951186518047507e+03
4.554253337106384606e+03
4.563653196643557749e+03
4.539759728230428664e+03
4.537477199395123534e+03
4.537748443773918552e+03
4.538322908330299470e+03
4.540946766976017898e+03
4.543734243442552724e+03
4.540254975576958714e+03
4.544433697632926851e+03
4.538997561191119530e+03
4.539807593407880631e+03
4.531532524440590350e+03
4.534655057475183639e+03
4.538895689662531368e+03
4.541951838507144203e+03
4.552568000917131940e+03
4.558640485712940063e+03
4.562899883806856451e+03
4.551869974201305922e+03
4.545326950988431236e+03
4.528416988884375314e+03
4.511971908294517561e+03
4.492529561430089416e+03
4.489757518688757045e+03
4.495466055537115608e+03
4.497266490743562827e+03
4.516429703712765331e+03
4.508355990389775798e+03
4.513383165786663085e+03
4.486476201644410139e+03
2.500000000000000000e+03
2.500000000000000000e+03
2.500000000000000000e+03
2.500000000000000000e+03
2.500000000000000000e+03
2.500000000000000000e+03
2.500000000000000000e+03
2.500000000000000000e+03
2.500000000000000000e+03
2.500000000000000000e+03
2.500000000000000000e+03
2.500000000000000000e+03
2.500000000000000000e+03
2.500000000000000000e+03
2.500000000000000000e+03
2.500000000000000000e+03
2.500000000000000000e+03
2.500000000000000000e+03
2.500000000000000000e+03
2.500000000000000000e+03
2.500000000000000000e+03
2.500000000000000000e+03
2.500000000000000000e+03
2.500000000000000000e+03
2.500000000000000000e+03
2.500000000000000000e+03
2.500000000000000000e+03
2.500000000000000000e+03
2.500000000000000000e+03
2.500000000000000000e+03
2.500000000000000000e+03
2.500000000000000000e+03
2.500000000000000000e+03
2.500000000000000000e+03
2.500000000000000000e+03
2.500000000000000000e+03
2.500000000000000000e+03
2.500000000000000000e+03
2.500000000000000000e+03
2.500000000000000000e+03
2.500000000000000000e+03
2.500000000000000000e+03
2.500000000000000000e+03
2.500000000000000000e+03
2.500000000000000000e+03
2.500000000000000000e+03
2.500000000000000000e+03
2.500000000000000000e+03
2.500000000000000000e+03
2.500000000000000000e+03
4.757167441728008271e+03
4.835156245639725967e+03
4.901610638288272639e+03
4.954028827228944465e+03
4.982227492600747610e+03
5.010289334992035947e+03
5.029013297033469826e+03
5.042862222455396477e+03
5.052959169696867320e+03
5.027330207734646137e+03
4.991761349156652614e+03
4.946173149573771298e+03
4.856154582759603727e+03
4.825878267039367529e+03
4.833847962564395857e+03
4.784671850358694428e+03
4.721848019266686606e+03
4.626819858031774856e+03
4.551786266159084335e+03
4.659206266293155750e+03
4.761359716215267326e+03
4.785263292570733029e+03
4.774584340600344149e+03
4.753546155417186128e+03
4.740094987775139089e+03
4.725563844761863947e+03
4.710490126356427027e+03
4.690121152873840401e+03
4.664102643629646082e+03
4.653137405816977662e+03
4.633563747856489499e+03
4.606028551501424772e+03
4.589337821255952804e+03
4.558698530506419047e+03
4.546448752713999966e+03
4.540586055925174151e+03
4.532526470094515389e+03
4.527834345080977073e+03
4.516522069230253692e+03
4.515613447129552696e+03
4.522309207042133494e+03
4.558332028611423084e+03
4.564624096571082191e+03
4.569997340980531590e+03
4.564852522168840551e+03
4.561344388018856989e+03
4.548989722230439838e+03
4.531116243990447401e+03
4.513212991881689959e+03
4.483811940952346959e+03
4.467749934536619548e+03
4.459643624594938956e+03
4.501013947791901955e+03
4.544871208882023893e+03
4.590272812743382929e+03
4.595741705090833420e+03
4.585843412012686713e+03
4.573742325753454679e+03
4.559963349863561234e+03
4.516202108160197895e+03
2.500000000000000000e+03
2.500000000000000000e+03
2.500000000000000000e+03
2.500000000000000000e+03
2.500000000000000000e+03
2.500000000000000000e+03
2.500000000000000000e+03
2.500000000000000000e+03
2.500000000000000000e+03
2.500000000000000000e+03
2.500000000000000000e+03
2.500000000000000000e+03
2.500000000000000000e+03
2.500000000000000000e+03
4.623685600837268794e+03
4.644787713839459684e+03
4.648708324774901484e+03
4.650548514842821533e+03
2.500000000000000000e+03
3.468711382601810328e+03
3.443503536267033269e+03
3.443262419984940152e+03
3.457052419392370666e+03
3.490021641606582307e+03
3.492891037193079228e+03
3.485561132732452734e+03
2.500000000000000000e+03
2.500000000000000000e+03
2.500000000000000000e+03
2.500000000000000000e+03
2.500000000000000000e+03
2.500000000000000000e+03
2.500000000000000000e+03
2.500000000000000000e+03
2.500000000000000000e+03
2.500000000000000000e+03
2.500000000000000000e+03
2.500000000000000000e+03
2.500000000000000000e+03
2.500000000000000000e+03
2.500000000000000000e+03
2.500000000000000000e+03
2.500000000000000000e+03
2.500000000000000000e+03
2.500000000000000000e+03
2.500000000000000000e+03
2.500000000000000000e+03
2.500000000000000000e+03
2.500000000000000000e+03
2.500000000000000000e+03
2.500000000000000000e+03
2.500000000000000000e+03
2.500000000000000000e+03
2.500000000000000000e+03
2.500000000000000000e+03
2.500000000000000000e+03
2.500000000000000000e+03
2.500000000000000000e+03
2.500000000000000000e+03
2.500000000000000000e+03
2.500000000000000000e+03
2.500000000000000000e+03
2.500000000000000000e+03
2.500000000000000000e+03
2.500000000000000000e+03
2.500000000000000000e+03
2.500000000000000000e+03
2.500000000000000000e+03
2.500000000000000000e+03
2.500000000000000000e+03
2.500000000000000000e+03
2.500000000000000000e+03
2.500000000000000000e+03
2.500000000000000000e+03
2.500000000000000000e+03
2.500000000000000000e+03
2.500000000000000000e+03
2.500000000000000000e+03
2.500000000000000000e+03
2.500000000000000000e+03
2.500000000000000000e+03
2.500000000000000000e+03
2.500000000000000000e+03
2.500000000000000000e+03
2.500000000000000000e+03
2.500000000000000000e+03
2.500000000000000000e+03
2.500000000000000000e+03
2.500000000000000000e+03
2.500000000000000000e+03
2.500000000000000000e+03
2.500000000000000000e+03
2.500000000000000000e+03
2.500000000000000000e+03
2.500000000000000000e+03
2.500000000000000000e+03
2.500000000000000000e+03
2.500000000000000000e+03
2.500000000000000000e+03
2.500000000000000000e+03
2.500000000000000000e+03
2.500000000000000000e+03
2.500000000000000000e+03
2.500000000000000000e+03
2.500000000000000000e+03
2.500000000000000000e+03
2.500000000000000000e+03
2.500000000000000000e+03
2.500000000000000000e+03
2.500000000000000000e+03
2.500000000000000000e+03
2.500000000000000000e+03
2.500000000000000000e+03
2.500000000000000000e+03
2.500000000000000000e+03
2.500000000000000000e+03
2.500000000000000000e+03
2.500000000000000000e+03
2.500000000000000000e+03
2.500000000000000000e+03
2.500000000000000000e+03
2.500000000000000000e+03
2.500000000000000000e+03
2.500000000000000000e+03
2.500000000000000000e+03
2.500000000000000000e+03
2.500000000000000000e+03
2.500000000000000000e+03
2.500000000000000000e+03
2.500000000000000000e+03
2.500000000000000000e+03
2.500000000000000000e+03
2.500000000000000000e+03
2.500000000000000000e+03
2.500000000000000000e+03
2.500000000000000000e+03
2.500000000000000000e+03
2.500000000000000000e+03
4.700593875789782032e+03
4.687683476232119574e+03
4.687833342182302658e+03
4.679544323813805022e+03
4.696816742115486704e+03
4.737247040996316173e+03
4.786343358935635479e+03
4.823056427305352372e+03
4.863411482579849690e+03
4.877041460073668532e+03
4.905524068012333373e+03
4.933169084199076678e+03
4.943193657132864246e+03
4.936541382462914044e+03
4.929783256772554523e+03
4.915555030861953128e+03
4.887057059639935687e+03
4.845034020530611997e+03
4.791558824107220971e+03
4.752386929716647501e+03
4.770114718107773115e+03
4.797824797361874516e+03
4.823492755576851778e+03
4.866853751924487369e+03
4.836017792395075958e+03
4.837303289238471734e+03
4.843882439499658176e+03
4.850985619491677426e+03
4.843133526933851499e+03
4.818376139942056398e+03
4.801172259187224881e+03
4.777282263313540170e+03
4.750085525485100334e+03
4.703100455629200951e+03
4.553841375017430437e+03
4.425884151579311947e+03
4.428231431948572208e+03
4.537607909885192385e+03
2.500000000000000000e+03
2.500000000000000000e+03
2.500000000000000000e+03
2.500000000000000000e+03
2.500000000000000000e+03
2.500000000000000000e+03
2.500000000000000000e+03
2.500000000000000000e+03
4.712954081496293838e+03
4.702029885859937167e+03
4.692455575188643706e+03
4.659891799962651930e+03
4.649109994015474513e+03
4.653419064894330404e+03
4.656651775425245432e+03
4.639612887504153150e+03
4.633018506240841816e+03
4.602610386194847706e+03
4.600482874945135336e+03
4.594949122248456661e+03
4.602413748466517973e+03
4.600243495299811912e+03
4.606161007572285598e+03
4.601017097999155339e+03
4.588696164352674714e+03
4.560455186186272840e+03
4.542730082344069160e+03
4.645411608299464206e+03
4.638320048925599622e+03
4.636733911545597039e+03
4.629928978438078957e+03
4.627164698609573861e+03
4.628161713560692078e+03
4.618454819488408248e+03
4.614752915609109550e+03
4.616702911192853207e+03
4.621328628540904901e+03
4.622275904050021381e+03
4.631161818921603299e+03
4.628750411837737374e+03
4.626583264998227605e+03
4.622332091118235439e+03
4.631434576855604973e+03
4.642361244858145255e+03
4.651277585528051532e+03
4.645691603327437406e+03
4.657020236512462361e+03
4.654568047830471187e+03
4.654397238415935135e+03
4.650903819209906942e+03
4.649255417090720584e+03
4.615468772010980501e+03
4.605486536677422009e+03
4.602606429680247857e+03
4.598038542210773812e+03
4.616305784262776797e+03
4.533339285465195644e+03
4.450125578240676077e+03
4.403615000868870084e+03
4.415272475360181488e+03
2.500000000000000000e+03
2.500000000000000000e+03
2.500000000000000000e+03
2.500000000000000000e+03
2.500000000000000000e+03
4.621525501515694486e+03
4.600096777873814062e+03
4.571556803247729476e+03
4.580874600805708724e+03
4.626573095857280350e+03
4.608068112691476927e+03
4.605471095924373913e+03
4.601780159299050865e+03
4.604063613704472118e+03
4.606015389098011838e+03
4.595967746828750023e+03
4.548239279343329144e+03
4.427373962162479074e+03
4.398474773755801834e+03
4.333585279870319937e+03
4.343515058961639625e+03
4.299556675180769162e+03
4.436615140000379142e+03
4.594420491874495383e+03
4.658285026447249038e+03
4.640004000463670309e+03
4.618178226417137921e+03
4.592980724660756096e+03
4.579843774246876819e+03
4.570959195749763239e+03
4.581331524038947464e+03
4.584425206272449941e+03
4.589297226284616954e+03
4.587330613471161087e+03
4.584428841076799472e+03
4.579706494903608473e+03
4.576646958925247418e+03
4.567483614864408082e+03
4.564414516534812719e+03
4.566166119455243461e+03
4.568411404224475518e+03
4.569389906359078850e+03
4.577606465368669888e+03
4.581219610849138007e+03
4.582961819991314769e+03
4.592502385195094575e+03
4.616089282580604049e+03
4.654177302293765024e+03
4.663204613562533268e+03
4.633007550177637313e+03
4.625621070700044584e+03
4.541108397801936917e+03
4.512198923713705881e+03
2.500000000000000000e+03
2.500000000000000000e+03
2.500000000000000000e+03
2.500000000000000000e+03
2.500000000000000000e+03
2.500000000000000000e+03
2.500000000000000000e+03
2.500000000000000000e+03
2.500000000000000000e+03
2.500000000000000000e+03
2.500000000000000000e+03
2.500000000000000000e+03
2.500000000000000000e+03
2.500000000000000000e+03
2.500000000000000000e+03
2.500000000000000000e+03
2.500000000000000000e+03
2.500000000000000000e+03
2.500000000000000000e+03
2.500000000000000000e+03
2.500000000000000000e+03
2.500000000000000000e+03
2.500000000000000000e+03
2.500000000000000000e+03
2.500000000000000000e+03
2.500000000000000000e+03
2.500000000000000000e+03
2.500000000000000000e+03
2.500000000000000000e+03
2.500000000000000000e+03
2.500000000000000000e+03
2.500000000000000000e+03
2.500000000000000000e+03
2.500000000000000000e+03
2.500000000000000000e+03
2.500000000000000000e+03
2.500000000000000000e+03
2.500000000000000000e+03
2.500000000000000000e+03
2.500000000000000000e+03
2.500000000000000000e+03
2.500000000000000000e+03
2.500000000000000000e+03
2.500000000000000000e+03
2.500000000000000000e+03
2.500000000000000000e+03
2.500000000000000000e+03
2.500000000000000000e+03
2.500000000000000000e+03
2.500000000000000000e+03
2.500000000000000000e+03
2.500000000000000000e+03
2.500000000000000000e+03
2.500000000000000000e+03
2.500000000000000000e+03
2.500000000000000000e+03
2.500000000000000000e+03
2.500000000000000000e+03
2.500000000000000000e+03
2.500000000000000000e+03
2.500000000000000000e+03
2.500000000000000000e+03
2.500000000000000000e+03
2.500000000000000000e+03
2.500000000000000000e+03
2.500000000000000000e+03
2.500000000000000000e+03
2.500000000000000000e+03
2.500000000000000000e+03
2.500000000000000000e+03
2.500000000000000000e+03
2.500000000000000000e+03
2.500000000000000000e+03
2.500000000000000000e+03
2.500000000000000000e+03
4.894835216662590938e+03
5.063519472902098641e+03
5.119724544070140837e+03
5.155618883684563116e+03
5.147090505894717353e+03
5.136508855389804012e+03
5.138395506069129624e+03
5.142076613794661171e+03
5.146987554745761372e+03
5.155761390939031116e+03
5.163709087001737316e+03
5.178923717975663749e+03
5.193913442244152975e+03
5.198215885600627189e+03
5.182239943657833464e+03
5.153091351638264314e+03
5.153042497680163251e+03
5.155971994485255891e+03
5.164378143673591694e+03
5.176735183109297395e+03
5.175751126713981648e+03
5.211767954456548978e+03
5.250724171747469882e+03
5.263846561377158650e+03
5.261496724027501841e+03
5.255120493132708361e+03
5.244282576984165644e+03
5.231252321467335605e+03
5.214623736355102665e+03
5.198407790296779240e+03
5.164803992987838683e+03
5.144752987403879160e+03
5.097293826105797052e+03
5.040990033105156726e+03
4.959296103954429782e+03
4.912623972120603867e+03
4.888920942271424792e+03
4.936408704705619130e+03
4.960116091553182741e+03
4.950756347464031023e+03
4.932091232091805068e+03
4.913515652888911063e+03
4.912681306838951059e+03
4.904437723404556891e+03
4.887835514317112029e+03
4.862057302404709844e+03
4.837887490393619373e+03
4.822984011926108906e+03
4.803702926404621394e+03
4.792733697377719182e+03
4.776884976408539842e+03
4.758629505398526817e+03
4.759556151216834223e+03
4.756023367474014776e+03
4.749450108997189091e+03
4.744976105589393228e+03
4.721998313993776719e+03
4.686732843680600126e+03
4.692934622889553793e+03
4.677493955357969753e+03
4.655557666027694722e+03
4.635639488712831735e+03
4.607883927393509111e+03
4.641425133322076363e+03
4.613918010793313442e+03
4.599594578793102301e+03
4.578236194574350520e+03
4.567506739190410372e+03
4.558011706374759342e+03
4.554235090037602276e+03
4.551049016142829714e+03
4.551688478187580586e+03
4.555045050002819153e+03
4.550800972697207726e+03
4.547148349241343567e+03
4.537912987114977113e+03
4.518938454402823481e+03
4.511941460445652410e+03
4.511789339520185422e+03
4.495652266773424344e+03
4.487517489646254944e+03
4.482808637304553486e+03
4.478090291952558800e+03
4.476858831746120813e+03
4.479590574205332814e+03
4.474898159150829997e+03
4.467940705856997738e+03
4.464292581713243635e+03
4.462525888326216773e+03
4.457210792313886486e+03
4.468139619594421674e+03
4.493152433126249889e+03
4.504905162967133947e+03
4.505584973711578641e+03
4.502563861952024126e+03
4.518328946902371172e+03
2.500000000000000000e+03
2.500000000000000000e+03
4.523698262977727609e+03
4.575303900793202047e+03
2.500000000000000000e+03
2.500000000000000000e+03
2.500000000000000000e+03
2.500000000000000000e+03
2.500000000000000000e+03
2.500000000000000000e+03
2.500000000000000000e+03
2.500000000000000000e+03
2.500000000000000000e+03
2.500000000000000000e+03
2.500000000000000000e+03
2.500000000000000000e+03
2.500000000000000000e+03
2.500000000000000000e+03
2.500000000000000000e+03
2.500000000000000000e+03
2.500000000000000000e+03
2.500000000000000000e+03
2.500000000000000000e+03
2.500000000000000000e+03
2.500000000000000000e+03
2.500000000000000000e+03
2.500000000000000000e+03
2.500000000000000000e+03
2.500000000000000000e+03
2.500000000000000000e+03
2.500000000000000000e+03
2.500000000000000000e+03
2.500000000000000000e+03
2.500000000000000000e+03
2.500000000000000000e+03
2.500000000000000000e+03
2.500000000000000000e+03
2.500000000000000000e+03
2.500000000000000000e+03
2.500000000000000000e+03
2.500000000000000000e+03
2.500000000000000000e+03
2.500000000000000000e+03
2.500000000000000000e+03
2.500000000000000000e+03
2.500000000000000000e+03
2.500000000000000000e+03
2.500000000000000000e+03
2.500000000000000000e+03
2.500000000000000000e+03
2.500000000000000000e+03
2.500000000000000000e+03
2.500000000000000000e+03
2.500000000000000000e+03
2.500000000000000000e+03
2.500000000000000000e+03
2.500000000000000000e+03
2.500000000000000000e+03
2.500000000000000000e+03
2.500000000000000000e+03
2.500000000000000000e+03
2.500000000000000000e+03
4.667310749387389478e+03
4.674781877802546660e+03
4.685781003220261482e+03
4.698067209539096439e+03
4.716848186073591023e+03
4.724354321362417977e+03
4.732666612284206167e+03
4.759866236774019853e+03
4.796650052535328541e+03
4.815505882713130632e+03
4.841465748605392037e+03
4.848041510972037941e+03
4.836792828538224967e+03
4.808068143351410981e+03
4.723606870016534231e+03
4.684289244373320798e+03
4.653749801530657351e+03
4.646822350487659605e+03
4.686672540946475237e+03
4.821816291652619839e+03
4.860673864038868487e+03
4.876832308016484603e+03
4.869128287154924692e+03
4.855132655637556127e+03
4.844880485898444022e+03
4.823200087918809004e+03
4.806793991614144034e+03
4.787509492337726442e+03
4.772081925845735896e+03
4.766134530808158161e+03
4.778296692725865796e+03
4.802100671310738107e+03
4.832824115278805039e+03
4.858601026559045749e+03
4.868184235417970740e+03
4.875189114896274077e+03
4.892118782510617166e+03
4.899301641479242790e+03
4.919578074520020891e+03
4.937959272254111966e+03
4.950796548925020033e+03
4.973979370294396176e+03
4.992823366288695070e+03
5.009064684924556786e+03
5.030502614523849843e+03
5.048952951102546649e+03
5.062777184965079869e+03
5.077827788680742742e+03
5.087719987664895598e+03
5.094819659558231251e+03
5.101867331623728205e+03
5.099254633866407858e+03
5.085721575842992024e+03
5.061608617537644932e+03
5.003308935048155945e+03
4.920656758880511916e+03
4.799647801451174018e+03
4.687680166022806588e+03
4.652388148937239748e+03
2.500000000000000000e+03
2.500000000000000000e+03
2.500000000000000000e+03
2.500000000000000000e+03
2.500000000000000000e+03
2.500000000000000000e+03
2.500000000000000000e+03
2.500000000000000000e+03
2.500000000000000000e+03
2.500000000000000000e+03
4.709981994901614598e+03
4.822932284800640446e+03
4.783693115238494102e+03
4.737078761850908450e+03
4.719121649466511371e+03
4.704355890508853008e+03
4.677140736563736937e+03
4.649889720327269060e+03
4.627356063177194301e+03
4.626687554368298152e+03
4.626137540419467769e+03
4.629457907781524227e+03
4.629374681025346945e+03
4.631481270403855888e+03
4.631114527074579200e+03
4.639315474560782604e+03
4.656377266842237987e+03
4.677013831201586981e+03
4.701406930614173689e+03
4.726377984543368257e+03
4.747905636549668998e+03
4.769355083536432176e+03
4.782223433910427957e+03
4.799636459777502751e+03
4.802652010978085855e+03
4.793289745960975779e+03
4.771293788285014671e+03
4.765661024180325512e+03
4.733509879465438644e+03
4.691750477259373838e+03
4.641444242699641109e+03
4.633827649553519223e+03
4.676753789708251134e+03
4.673168727528381169e+03
4.657624756456561954e+03
4.646329902211000444e+03
4.628379309559801186e+03
4.610350694222879611e+03
4.577318644937717181e+03
4.558973847837908579e+03
4.547817839797895431e+03
4.526046514142544765e+03
4.518144277767745734e+03
4.511672333767413875e+03
4.511442468986712811e+03
4.513185848354489281e+03
4.518187331228720723e+03
4.523433844499882071e+03
4.530300383857324960e+03
4.530152117987901875e+03
4.529074371142836753e+03
4.529832040442174730e+03
4.517158287129386736e+03
4.506108727851302319e+03
4.503049163867706739e+03
4.498416804415275692e+03
4.497012786453162335e+03
4.505095054888011873e+03
4.515891037719247834e+03
4.527479405762214810e+03
4.530766975942112367e+03
4.530409262425564521e+03
4.531182715651633771e+03
4.530655370258556104e+03
4.524752774215595309e+03
4.528203980528081047e+03
4.530372761992317464e+03
4.529390836579664210e+03
4.532087076370957220e+03
4.528028998710989981e+03
4.528866698354349865e+03
4.536755375301983804e+03
4.538120697638987622e+03
4.483097575407282420e+03
4.414447323148966461e+03
4.356937536585034650e+03
4.265668486147507792e+03
2.500000000000000000e+03
2.500000000000000000e+03
2.500000000000000000e+03
2.500000000000000000e+03
2.500000000000000000e+03
2.500000000000000000e+03
2.500000000000000000e+03
2.500000000000000000e+03
2.500000000000000000e+03
2.500000000000000000e+03
2.500000000000000000e+03
2.500000000000000000e+03
2.500000000000000000e+03
2.500000000000000000e+03
2.500000000000000000e+03
2.500000000000000000e+03
2.500000000000000000e+03
2.500000000000000000e+03
2.500000000000000000e+03
2.500000000000000000e+03
2.500000000000000000e+03
2.500000000000000000e+03
2.500000000000000000e+03
2.500000000000000000e+03
2.500000000000000000e+03
2.500000000000000000e+03
2.500000000000000000e+03
2.500000000000000000e+03
2.500000000000000000e+03
2.500000000000000000e+03
2.500000000000000000e+03
2.500000000000000000e+03
2.500000000000000000e+03
2.500000000000000000e+03
2.500000000000000000e+03
2.500000000000000000e+03
2.500000000000000000e+03
2.500000000000000000e+03
2.500000000000000000e+03
2.500000000000000000e+03
2.500000000000000000e+03
2.500000000000000000e+03
4.851573425527613836e+03
5.003378372522905920e+03
4.992031941057083714e+03
4.979863763913674120e+03
4.962010546585589509e+03
4.955930147017600575e+03
4.954908831122516858e+03
4.947908297923622740e+03
4.943796463595240311e+03
4.941093716568604577e+03
4.953440342935335138e+03
4.977452003456857710e+03
4.996152423808286585e+03
5.010246701928884249e+03
5.015530878778206898e+03
4.996431689366792853e+03
4.960380753619503594e+03
4.889438308943880656e+03
4.799508272300113276e+03
4.754736340395686966e+03
4.753321977346587119e+03
4.799101925891754036e+03
4.831140907440493720e+03
4.838489908173948606e+03
4.828585770702909031e+03
4.808800020937706904e+03
4.786173423121041196e+03
4.757474995246959224e+03
4.700346530797843116e+03
4.617302294473254733e+03
4.495991476862334821e+03
2.500000000000000000e+03
2.500000000000000000e+03
2.500000000000000000e+03
2.500000000000000000e+03
2.500000000000000000e+03
2.500000000000000000e+03
4.583655303895819088e+03
4.632106913196739697e+03
4.635525032358849785e+03
4.670830611455945473e+03
4.684660903889927795e+03
4.675721853215209194e+03
4.667755699078426915e+03
4.670152048587115132e+03
4.672120023968855094e+03
4.680873791267143133e+03
4.681414365624082166e+03
4.679190261375533737e+03
4.724757254548629135e+03
4.744193978366831288e+03
4.752067913041017164e+03
4.763699611663773794e+03
4.767704031693228899e+03
4.769517314952817287e+03
4.752534486660147195e+03
4.729085381399469043e+03
4.704588081809633877e+03
4.624237341443257719e+03
4.641313638208206612e+03
4.707853997469659589e+03
4.649814353559052506e+03
4.622024225247389040e+03
4.583439771693243529e+03
4.550041056699607907e+03
4.499158097538556831e+03
4.382530214090828849e+03
4.320107122314964727e+03
2.500000000000000000e+03
2.500000000000000000e+03
2.500000000000000000e+03
2.500000000000000000e+03
2.500000000000000000e+03
2.500000000000000000e+03
2.500000000000000000e+03
2.500000000000000000e+03
2.500000000000000000e+03
2.500000000000000000e+03
2.500000000000000000e+03
2.500000000000000000e+03
2.500000000000000000e+03
2.500000000000000000e+03
4.413981055196341913e+03
4.534231919085303161e+03
4.501082221009597561e+03
4.453728517758668204e+03
4.430262993862617805e+03
4.419578793949737701e+03
4.407204409234467676e+03
4.401018171416347286e+03
4.392004156135653830e+03
4.375546659357862154e+03
4.360209313219823343e+03
4.345189145794834985e+03
4.326779738345938313e+03
4.311845965109997451e+03
4.300628145904101075e+03
4.288941147111354439e+03
4.282421585802327172e+03
4.288343356931583912e+03
4.288433922689991050e+03
4.292567013306399531e+03
4.296333699322658504e+03
4.294053522469254858e+03
4.318718683290947411e+03
2.500000000000000000e+03
2.500000000000000000e+03
4.431868400715835378e+03
4.460176124156801961e+03
4.437655985026004601e+03
2.500000000000000000e+03
4.347746002714287897e+03
2.500000000000000000e+03
2.500000000000000000e+03
2.500000000000000000e+03
2.500000000000000000e+03
2.500000000000000000e+03
2.500000000000000000e+03
2.500000000000000000e+03
2.500000000000000000e+03
2.500000000000000000e+03
2.500000000000000000e+03
2.500000000000000000e+03
2.500000000000000000e+03
2.500000000000000000e+03
2.500000000000000000e+03
2.500000000000000000e+03
2.500000000000000000e+03
2.500000000000000000e+03
2.500000000000000000e+03
2.500000000000000000e+03
2.500000000000000000e+03
2.500000000000000000e+03
2.500000000000000000e+03
2.500000000000000000e+03
2.500000000000000000e+03
2.500000000000000000e+03
2.500000000000000000e+03
2.500000000000000000e+03
2.500000000000000000e+03
2.500000000000000000e+03
2.500000000000000000e+03
2.500000000000000000e+03
2.500000000000000000e+03
2.500000000000000000e+03
2.500000000000000000e+03
2.500000000000000000e+03
2.500000000000000000e+03
2.500000000000000000e+03
2.500000000000000000e+03
2.500000000000000000e+03
2.500000000000000000e+03
2.500000000000000000e+03
2.500000000000000000e+03
2.500000000000000000e+03
2.500000000000000000e+03
2.500000000000000000e+03
2.500000000000000000e+03
2.500000000000000000e+03
2.500000000000000000e+03
2.500000000000000000e+03
2.500000000000000000e+03
2.500000000000000000e+03
2.500000000000000000e+03
2.500000000000000000e+03
2.500000000000000000e+03
2.500000000000000000e+03
2.500000000000000000e+03
2.500000000000000000e+03
2.500000000000000000e+03
2.500000000000000000e+03
2.500000000000000000e+03
2.500000000000000000e+03
2.500000000000000000e+03
2.500000000000000000e+03
2.500000000000000000e+03
2.500000000000000000e+03
2.500000000000000000e+03
2.500000000000000000e+03
2.500000000000000000e+03
2.500000000000000000e+03
2.500000000000000000e+03
2.500000000000000000e+03
2.500000000000000000e+03
2.500000000000000000e+03
2.500000000000000000e+03
2.500000000000000000e+03
2.500000000000000000e+03
2.500000000000000000e+03
2.500000000000000000e+03
2.500000000000000000e+03
2.500000000000000000e+03
2.500000000000000000e+03
2.500000000000000000e+03
2.500000000000000000e+03
2.500000000000000000e+03
2.500000000000000000e+03
2.500000000000000000e+03
2.500000000000000000e+03
2.500000000000000000e+03
2.500000000000000000e+03
2.500000000000000000e+03
2.500000000000000000e+03
2.500000000000000000e+03
2.500000000000000000e+03
2.500000000000000000e+03
2.500000000000000000e+03
2.500000000000000000e+03
2.500000000000000000e+03
2.500000000000000000e+03
2.500000000000000000e+03
2.500000000000000000e+03
2.500000000000000000e+03
2.500000000000000000e+03
2.500000000000000000e+03
2.500000000000000000e+03
2.500000000000000000e+03
2.500000000000000000e+03
2.500000000000000000e+03
2.500000000000000000e+03
2.500000000000000000e+03
2.500000000000000000e+03
2.500000000000000000e+03
2.500000000000000000e+03
4.755658816078654127e+03
4.724989853807805957e+03
4.676584925596022913e+03
4.717656673752968345e+03
4.750649936513629655e+03
4.775557170832174052e+03
4.784448320863497429e+03
4.805097644585690432e+03
4.818157026244201006e+03
4.827279671614484869e+03
4.823367588951673497e+03
4.813527886378578842e+03
4.813898176774473541e+03
4.817658253940380746e+03
4.832447142498624999e+03
4.866161973956425754e+03
4.862405904373899830e+03
4.859096103837760893e+03
4.751071445934249823e+03
4.493607820509876547e+03
4.410132091315430444e+03
4.422815817102227811e+03
4.574989505645936333e+03
4.698461900444383900e+03
4.759703098400919771e+03
4.817690655741340379e+03
4.814547293928243562e+03
4.795709703847972378e+03
4.779589710423499128e+03
4.774324218844038114e+03
4.792308887831499305e+03
4.817771869355269700e+03
4.835458742349228487e+03
4.841350544105880545e+03
4.840213546093040350e+03
4.843996641320133676e+03
4.847151367499247499e+03
4.862527661167324368e+03
4.874024523951287847e+03
4.884918424043675259e+03
4.901255918848051806e+03
4.927273824341365980e+03
4.949404250405779749e+03
4.971880624549804452e+03
5.001966817988281036e+03
5.024267196786926434e+03
5.054105876887530940e+03
5.076650922141863703e+03
5.087402694664856426e+03
5.087546580021704358e+03
5.086428707700185441e+03
5.068854791300873330e+03
5.024802407824256989e+03
4.846802074782895943e+03
2.500000000000000000e+03
2.500000000000000000e+03
2.500000000000000000e+03
2.500000000000000000e+03
2.500000000000000000e+03
2.500000000000000000e+03
2.500000000000000000e+03
2.500000000000000000e+03
2.500000000000000000e+03
4.960589217209626440e+03
4.971725247212789327e+03
4.933557929142243665e+03
4.899187292673515913e+03
4.859696872135786180e+03
4.828347424284348563e+03
4.801995959963777750e+03
4.779519783746975008e+03
4.754437415636625701e+03
4.739472288840843248e+03
4.752346244889986338e+03
4.716482587538210282e+03
4.625140778861258696e+03
4.526975605033848296e+03
4.492495958821633394e+03
4.432387949243984622e+03
4.423158031410320291e+03
4.437255419513100605e+03
4.447024394501300776e+03
2.500000000000000000e+03
4.328515869655824645e+03
2.500000000000000000e+03
4.808985735554326311e+03
4.847767533333651045e+03
4.854844977693568580e+03
4.885747318904005624e+03
4.911566347341282381e+03
4.930508016665080504e+03
4.945579234721220928e+03
4.952850091576238810e+03
4.954860312428867473e+03
4.961929492799622494e+03
4.966072789257996192e+03
4.980946399947489226e+03
4.987117166427888151e+03
5.003476341209392558e+03
5.019202698510490336e+03
5.040157195163293181e+03
5.064322968388526533e+03
5.080554874575206668e+03
5.090195629464466947e+03
5.082164491049256867e+03
5.059300978690293050e+03
5.039263958141062176e+03
5.009844004543168921e+03
4.928074941650093024e+03
4.877342250921296909e+03
2.500000000000000000e+03
2.500000000000000000e+03
2.500000000000000000e+03
2.500000000000000000e+03
2.500000000000000000e+03
2.500000000000000000e+03
2.500000000000000000e+03
2.500000000000000000e+03
2.500000000000000000e+03
2.500000000000000000e+03
2.500000000000000000e+03
2.500000000000000000e+03
2.500000000000000000e+03
2.500000000000000000e+03
2.500000000000000000e+03
4.867990055966602995e+03
4.888888220641804764e+03
4.869133220945595895e+03
4.832378583628416891e+03
4.819523123279793253e+03
4.793430958373027352e+03
4.768035435942005279e+03
4.771087234302787692e+03
4.758936580229763422e+03
4.751265437845931046e+03
4.731286633306193835e+03
4.719526362546032942e+03
4.694359714336989782e+03
4.653706614940563668e+03
4.564915873071619899e+03
4.471879734484452456e+03
2.500000000000000000e+03
2.500000000000000000e+03
2.500000000000000000e+03
2.500000000000000000e+03
2.500000000000000000e+03
2.500000000000000000e+03
2.500000000000000000e+03
2.500000000000000000e+03
2.500000000000000000e+03
4.658141753227968366e+03
4.837077239160027602e+03
4.823467849617149113e+03
4.814647960617011449e+03
4.794680535171538395e+03
4.785887211781106089e+03
4.780672239310098121e+03
4.764997133135026161e+03
4.765002045313820418e+03
4.757802663280314846e+03
4.757865580722934283e+03
4.754847463111792422e+03
4.759386193762170478e+03
4.762343830541281022e+03
4.754989430670915681e+03
4.762468786919369450e+03
4.765893538664054176e+03
4.764096549864532790e+03
4.768275149555253847e+03
4.768486723721605813e+03
4.773624214733393273e+03
4.770370467295462731e+03
4.772311731731370855e+03
4.770621935294676405e+03
4.754456086217978736e+03
4.671342643112970109e+03
4.557318086835366557e+03
4.548834885755174582e+03
4.540168342377239242e+03
4.512006145692414066e+03
4.467989302527977998e+03
4.384172861974520856e+03
4.335255419840793365e+03
2.500000000000000000e+03
4.585315868606454387e+03
4.658203986812214680e+03
4.667030994978876151e+03
4.648510666029425920e+03
4.645892975262420805e+03
4.631769539801230167e+03
4.625553158730616815e+03
4.622253618378652391e+03
4.629942314328269276e+03
4.630900459289902756e+03
4.633494262361606161e+03
4.634825778523038025e+03
4.650276652515710339e+03
4.657714185180030654e+03
4.667170531317266068e+03
4.684194429834384209e+03
4.691815727668595173e+03
4.702911173659047563e+03
4.709851839683769867e+03
4.719646940007731246e+03
4.725922506448436252e+03
4.720385013746832556e+03
4.716406135468451794e+03
4.718920658742343221e+03
4.743592645595059366e+03
4.746838378869485496e+03
4.731865995725241191e+03
4.706674371154919754e+03
4.721103851369869517e+03
4.722935263463834417e+03
4.716810922578180907e+03
4.696417360242994619e+03
4.686817469543612788e+03
4.680805605955862120e+03
4.673858420747213131e+03
4.669481986381051684e+03
4.666105704682260694e+03
4.665621717709118457e+03
4.669367207888732082e+03
4.675022668658973089e+03
4.674739672708283251e+03
4.671311531398547231e+03
4.672707436095101002e+03
4.652282600305810774e+03
4.627355354020810410e+03
4.611444396910073920e+03
4.580868530344265309e+03
4.560284171264976976e+03
4.544791128662986011e+03
4.548052081780897424e+03
4.588648906768154120e+03
4.640742919337892090e+03
4.701646537894443100e+03
4.745251605018790542e+03
4.764123198481280269e+03
4.786234886603871018e+03
4.808854939196882697e+03
4.842801477360589161e+03
4.866413804898831586e+03
4.887457009787925017e+03
4.918509906138557199e+03
4.914761112497647446e+03
4.882823033785556618e+03
4.816708484742950532e+03
4.725314234019021569e+03
4.667713784222815775e+03
2.500000000000000000e+03
2.500000000000000000e+03
2.500000000000000000e+03
2.500000000000000000e+03
2.500000000000000000e+03
2.500000000000000000e+03
2.500000000000000000e+03
2.500000000000000000e+03
2.500000000000000000e+03
2.500000000000000000e+03
2.500000000000000000e+03
2.500000000000000000e+03
2.500000000000000000e+03
4.629708862401216720e+03
4.667279334134809687e+03
4.677368683467149822e+03
4.664011345696460921e+03
4.615980069810554596e+03
4.595840406391240322e+03
4.575105111273716830e+03
4.560785128444705151e+03
4.553491234992219688e+03
4.558408164080996357e+03
4.556650660233774943e+03
4.564109538390815942e+03
4.564388286603589222e+03
4.561410814185262097e+03
4.559322880876741692e+03
4.554899504547069228e+03
4.545872023091831579e+03
4.518349086857288057e+03
4.498560810454817329e+03
4.498335946967027667e+03
4.487819863631661065e+03
4.556193456244413028e+03
4.549252121120293850e+03
4.489928990094771507e+03
4.467961829377589311e+03
4.441209794556754787e+03
4.420693456181908914e+03
4.394005349587903765e+03
4.364173919660383035e+03
4.336274965359161797e+03
4.318331732711726545e+03
4.319162178522321483e+03
4.305633873616210622e+03
2.500000000000000000e+03
3.295472815610429279e+03
3.335316931292022218e+03
3.346706583834044977e+03
3.353697208289090213e+03
2.500000000000000000e+03
2.500000000000000000e+03
2.500000000000000000e+03
4.491695436194736430e+03
4.480651319528521526e+03
2.500000000000000000e+03
2.500000000000000000e+03
2.500000000000000000e+03
2.500000000000000000e+03
2.500000000000000000e+03
2.500000000000000000e+03
2.500000000000000000e+03
2.500000000000000000e+03
2.500000000000000000e+03
2.500000000000000000e+03
2.500000000000000000e+03
2.500000000000000000e+03
2.500000000000000000e+03
2.500000000000000000e+03
2.500000000000000000e+03
2.500000000000000000e+03
2.500000000000000000e+03
2.500000000000000000e+03
2.500000000000000000e+03
2.500000000000000000e+03
2.500000000000000000e+03
2.500000000000000000e+03
2.500000000000000000e+03
2.500000000000000000e+03
2.500000000000000000e+03
2.500000000000000000e+03
2.500000000000000000e+03
2.500000000000000000e+03
2.500000000000000000e+03
2.500000000000000000e+03
2.500000000000000000e+03
2.500000000000000000e+03
2.500000000000000000e+03
2.500000000000000000e+03
2.500000000000000000e+03
2.500000000000000000e+03
2.500000000000000000e+03
2.500000000000000000e+03
2.500000000000000000e+03
2.500000000000000000e+03
2.500000000000000000e+03
2.500000000000000000e+03
2.500000000000000000e+03
2.500000000000000000e+03
2.500000000000000000e+03
2.500000000000000000e+03
2.500000000000000000e+03
2.500000000000000000e+03
2.500000000000000000e+03
2.500000000000000000e+03
2.500000000000000000e+03
2.500000000000000000e+03
2.500000000000000000e+03
2.500000000000000000e+03
2.500000000000000000e+03
2.500000000000000000e+03
2.500000000000000000e+03
2.500000000000000000e+03
2.500000000000000000e+03
2.500000000000000000e+03
4.464183100949989239e+03
4.707254014375415863e+03
4.670180529134288008e+03
4.646181777974256875e+03
4.657024419158838100e+03
4.662985330418878220e+03
4.654102238333089190e+03
4.642669498833342004e+03
4.580385617648667903e+03
4.433914997929430683e+03
4.451997698752799806e+03
2.500000000000000000e+03
2.500000000000000000e+03
2.500000000000000000e+03
2.500000000000000000e+03
4.869867993185313935e+03
5.032116016185069384e+03
5.037823935757566687e+03
5.039424010925794391e+03
5.018933869629352557e+03
5.000802566334849871e+03
4.994959785377902335e+03
4.972426465782999003e+03
4.937983374642375566e+03
4.912424288139732198e+03
4.910688714208451529e+03
4.936079635805518592e+03
4.950504920078789837e+03
4.946495784116999857e+03
4.939819503463490946e+03
4.935717271248384350e+03
4.934830622008400496e+03
4.937233079858894598e+03
4.945261544305243660e+03
4.955477259358934134e+03
4.963902541572438167e+03
4.970833010647763331e+03
4.963184232014150439e+03
4.934273587528728967e+03
4.859710824187215621e+03
4.791564628971613274e+03
4.724166678483276883e+03
2.500000000000000000e+03
2.500000000000000000e+03
2.500000000000000000e+03
2.500000000000000000e+03
2.500000000000000000e+03
2.500000000000000000e+03
2.500000000000000000e+03
2.500000000000000000e+03
4.654711035396047919e+03
4.761261044277201108e+03
4.734452509205536444e+03
4.727663728481845283e+03
4.711121195972078567e+03
4.695405718170442924e+03
4.692217652394996549e+03
4.678625584411264754e+03
4.634915333610182643e+03
4.571472210675410679e+03
4.442802194173487806e+03
4.420693988895329312e+03
4.387097082321399284e+03
2.500000000000000000e+03
2.500000000000000000e+03
2.500000000000000000e+03
2.500000000000000000e+03
2.500000000000000000e+03
2.500000000000000000e+03
2.500000000000000000e+03
2.500000000000000000e+03
2.500000000000000000e+03
2.500000000000000000e+03
4.690046035504863539e+03
4.766804310580341735e+03
4.745903022642318319e+03
4.749551989557015986e+03
4.726304312387366735e+03
4.711934950779455903e+03
4.708597114951930962e+03
4.699436613545616638e+03
4.702787274970907674e+03
4.704042484611187319e+03
4.697620790667375331e+03
4.717572981098635864e+03
4.753596371720972456e+03
4.776281012410285257e+03
4.794410537237145036e+03
4.809107370491383335e+03
4.794507552470530754e+03
4.803254213801234982e+03
4.807244237958826488e+03
4.814395275073772609e+03
4.830264525449299981e+03
4.836540003141639318e+03
4.836290388248107774e+03
4.837372595578211076e+03
4.843620737694642230e+03
4.839424355293141161e+03
4.808358270027482831e+03
4.782202250316846403e+03
4.756537471744233699e+03
4.733209156845417965e+03
4.710917021750177810e+03
4.684242466799827525e+03
4.682872890686465325e+03
4.699744506546883713e+03
4.732477087499949448e+03
4.764059743518517280e+03
4.769256648474874964e+03
4.771178821573956156e+03
4.776416136476869724e+03
4.774588248642574399e+03
4.777206065006290373e+03
4.774558503876980467e+03
4.774576415932073360e+03
4.771702037878358169e+03
4.775860824132589187e+03
4.785358448309024425e+03
4.799791491882728224e+03
4.819485255334076101e+03
4.837635452866352352e+03
4.835366929807858469e+03
4.798040502050709620e+03
4.767048883022123846e+03
2.500000000000000000e+03
2.500000000000000000e+03
2.500000000000000000e+03
2.500000000000000000e+03
2.500000000000000000e+03
2.500000000000000000e+03
2.500000000000000000e+03
2.500000000000000000e+03
2.500000000000000000e+03
4.520826276012236121e+03
4.738054043272112722e+03
4.775350582375654994e+03
4.752612878042752527e+03
4.744453695718405470e+03
4.740943057523182688e+03
4.739514274341072451e+03
4.736159871143589044e+03
4.735083124407605283e+03
4.726245484035862319e+03
4.701245550690302480e+03
4.680507736443318208e+03
4.665311973651673725e+03
4.659191297307359491e+03
4.648556434267646182e+03
4.647201906442312975e+03
4.623047427784520551e+03
4.660759668081733253e+03
4.676882322165628466e+03
4.731852198336336187e+03
4.775971575442494213e+03
4.804151736175024780e+03
4.818634594943796401e+03
4.822186820322907806e+03
4.819892873988535030e+03
4.803294253555785872e+03
4.801410955780021141e+03
4.792881077850574911e+03
4.796349809710603949e+03
4.789010114158404576e+03
4.790758641559639727e+03
4.783409301650316593e+03
4.774976403549179850e+03
4.761450288165871825e+03
4.750230306148507225e+03
4.729907892750738029e+03
4.709845303492719722e+03
4.692077957128093658e+03
4.676979031092450896e+03
4.664809258685441819e+03
4.665260517703421101e+03
4.632466257892122485e+03
4.594170754543664771e+03
4.586463980830192668e+03
4.571434124358368535e+03
4.564874946447839648e+03
4.566491057711444228e+03
4.563690473559976454e+03
4.563747613590804576e+03
4.577619602268428025e+03
4.574614739285296309e+03
4.568416295665410871e+03
4.575976229740790586e+03
4.583277316866417095e+03
4.594284002177643742e+03
4.601255770768500952e+03
4.603239956281797276e+03
4.603384010772857437e+03
4.594794608807206714e+03
4.598485910787721878e+03
4.589157794639671010e+03
4.582753720639291714e+03
4.575750850234062455e+03
4.569803928379812533e+03
4.587937107120726068e+03
4.587587991064299786e+03
4.577959180860168999e+03
4.557731560355722650e+03
4.533985695485704127e+03
4.515915239693826152e+03
4.521283867402092255e+03
4.542800949830431819e+03
4.558709352201828551e+03
4.574987800131051699e+03
4.566013546392749959e+03
4.574110943025259076e+03
4.571624669624763555e+03
4.565744735291890720e+03
4.544972481501625225e+03
4.494179758325472903e+03
4.444299594138957218e+03
4.427534081962608980e+03
4.407649694251477740e+03
4.419685668499702842e+03
2.500000000000000000e+03
2.500000000000000000e+03
2.500000000000000000e+03
2.500000000000000000e+03
2.500000000000000000e+03
4.424515714729267529e+03
4.352284070274862643e+03
4.325683817597937377e+03
4.284009931574006259e+03
4.260802776372337576e+03
4.253608944023584627e+03
4.236882853292131585e+03
4.244753136767036267e+03
4.242379744491920974e+03
2.500000000000000000e+03
2.500000000000000000e+03
4.425903271746186874e+03
4.438508378530935261e+03
4.411200090494724463e+03
4.406786128881399236e+03
4.422754895064517768e+03
4.464542945859968313e+03
4.442223416839939091e+03
4.385996985221468094e+03
2.500000000000000000e+03
2.500000000000000000e+03
2.500000000000000000e+03
2.500000000000000000e+03
2.500000000000000000e+03
2.500000000000000000e+03
2.500000000000000000e+03
2.500000000000000000e+03
2.500000000000000000e+03
2.500000000000000000e+03
2.500000000000000000e+03
2.500000000000000000e+03
2.500000000000000000e+03
2.500000000000000000e+03
2.500000000000000000e+03
2.500000000000000000e+03
2.500000000000000000e+03
2.500000000000000000e+03
2.500000000000000000e+03
2.500000000000000000e+03
2.500000000000000000e+03
2.500000000000000000e+03
2.500000000000000000e+03
2.500000000000000000e+03
2.500000000000000000e+03
2.500000000000000000e+03
2.500000000000000000e+03
2.500000000000000000e+03
2.500000000000000000e+03
2.500000000000000000e+03
2.500000000000000000e+03
2.500000000000000000e+03
2.500000000000000000e+03
2.500000000000000000e+03
2.500000000000000000e+03
2.500000000000000000e+03
2.500000000000000000e+03
2.500000000000000000e+03
2.500000000000000000e+03
2.500000000000000000e+03
2.500000000000000000e+03
2.500000000000000000e+03
2.500000000000000000e+03
2.500000000000000000e+03
2.500000000000000000e+03
2.500000000000000000e+03
2.500000000000000000e+03
2.500000000000000000e+03
2.500000000000000000e+03
2.500000000000000000e+03
2.500000000000000000e+03
2.500000000000000000e+03
2.500000000000000000e+03
2.500000000000000000e+03
2.500000000000000000e+03
2.500000000000000000e+03
2.500000000000000000e+03
2.500000000000000000e+03
2.500000000000000000e+03
2.500000000000000000e+03
2.500000000000000000e+03
2.500000000000000000e+03
2.500000000000000000e+03
2.500000000000000000e+03
2.500000000000000000e+03
2.500000000000000000e+03
2.500000000000000000e+03
2.500000000000000000e+03
2.500000000000000000e+03
2.500000000000000000e+03
2.500000000000000000e+03
2.500000000000000000e+03
2.500000000000000000e+03
2.500000000000000000e+03
2.500000000000000000e+03
2.500000000000000000e+03
2.500000000000000000e+03
2.500000000000000000e+03
2.500000000000000000e+03
2.500000000000000000e+03
2.500000000000000000e+03
2.500000000000000000e+03
2.500000000000000000e+03
2.500000000000000000e+03
2.500000000000000000e+03
