4.222964294888261194e-01
4.222964294888261194e-01
4.338556383251990778e-01
4.384793218597482500e-01
4.469560750064217602e-01
4.708451066015926223e-01
4.824043154379655807e-01
5.111739018751605412e-01
5.355766760852812558e-01
5.604931929103519339e-01
5.869509375802722806e-01
4.318006678653994457e-01
4.318006678653994457e-01
4.428461340868224960e-01
4.469560750064217602e-01
4.544053429231954544e-01
4.757256614436167208e-01
4.872848702799897347e-01
5.160544567171846397e-01
5.402003596198304836e-01
5.646031338299511981e-01
5.902902645774467105e-01
4.510660159260210800e-01
4.510660159260210800e-01
4.618546108399691486e-01
4.649370665296686522e-01
4.716157205240174566e-01
4.919085538145389069e-01
5.024402774210120493e-01
5.312098638582070098e-01
5.553557667608528536e-01
5.789879270485486229e-01
6.036475725661443192e-01
4.921654251220138887e-01
4.921654251220138887e-01
5.026971487284870310e-01
5.052658618032366267e-01
5.106601592602106887e-01
5.299255073208322120e-01
5.389160030824556857e-01
5.676855895196506463e-01
5.918314924222963791e-01
6.146930387875674251e-01
6.342152581556640412e-01
5.455946570768045456e-01
5.455946570768045456e-01
5.558695093758027062e-01
5.584382224505523018e-01
5.620344207552016025e-01
5.797585409709735682e-01
5.887490367325969309e-01
6.108399691754431426e-01
6.319034163883894273e-01
6.511687644490110616e-01
6.632417159003339835e-01
5.807860262008733843e-01
5.807860262008733843e-01
5.908040071923965630e-01
5.933727202671461587e-01
5.959414333418957543e-01
6.113537117903929952e-01
6.198304649370665054e-01
6.372977138453634893e-01
6.539943488312355280e-01
6.722322116619573462e-01
6.825070639609555068e-01
6.185461083996917075e-01
6.185461083996917075e-01
6.283072180837400156e-01
6.308759311584896112e-01
6.334446442332390959e-01
6.444901104546622017e-01
6.498844079116362638e-01
6.652966863601336156e-01
6.796814795787310404e-01
6.963781145646030790e-01
7.058823529411765163e-01
6.783971230413562425e-01
6.783971230413562425e-01
6.876444901104546981e-01
6.902132031852041827e-01
6.922681736450038148e-01
6.945800154122784287e-01
6.974055997945030061e-01
7.089648086308759645e-01
7.164140765476496586e-01
7.318263549961468994e-01
7.397893655278705571e-01
7.130747495504752287e-01
7.130747495504752287e-01
7.220652453120985914e-01
7.246339583868481871e-01
7.259183149242229849e-01
7.277164140765476352e-01
7.292576419213974148e-01
7.395324942203955754e-01
7.462111482147444352e-01
7.593115848959671732e-01
7.659902388903159220e-01
7.474955047521192331e-01
7.474955047521192331e-01
7.562291292062676140e-01
7.582840996660672461e-01
7.595684562034420440e-01
7.603390701258669893e-01
7.611096840482918235e-01
7.701001798099151863e-01
7.747238633444644140e-01
7.870536861032623177e-01
7.896223991780118023e-01
7.778063190341638622e-01
7.778063190341638622e-01
7.862830721808373724e-01
7.878243000256871520e-01
7.891086565630619498e-01
7.891086565630619498e-01
7.891086565630619498e-01
7.973285384022604783e-01
8.014384793218597425e-01
8.119702029283328848e-01
8.145389160030824804e-01
