5.256692335900257085e-01
5.265859919325265315e-01
5.275027502750274655e-01
5.284195086175283995e-01
5.293362669600293335e-01
5.432709937660432642e-01
5.594059405940594587e-01
5.832416574990831881e-01
6.023102310231023271e-01
6.145947928126146431e-01
6.474147414741474593e-01
5.529886321965530316e-01
5.539053905390538546e-01
5.548221488815547886e-01
5.557389072240557226e-01
5.566556655665566566e-01
5.702236890355701915e-01
5.850751741840850562e-01
6.074440777411074244e-01
6.246791345801246953e-01
6.365969930326366155e-01
6.664833149981664873e-01
6.013934726806013931e-01
6.023102310231023271e-01
6.032269893656032611e-01
6.041437477081041951e-01
6.050605060506050181e-01
6.182618261826182682e-01
6.321965529886321988e-01
6.536486982031536330e-01
6.686835350201686401e-01
6.796846351301797373e-01
7.077374404107077410e-01
6.554822148881555011e-01
6.563989732306564351e-01
6.573157315731573691e-01
6.582324899156581921e-01
6.591492482581591261e-01
6.723505683901723762e-01
6.850018335166849770e-01
7.060872753942061264e-01
7.189218921892188696e-01
7.280894756142280988e-01
7.526585991932526198e-01
6.950861752841951402e-01
6.960029336266959632e-01
6.969196919691968972e-01
6.978364503116978312e-01
6.987532086541987653e-01
7.119545287862119043e-01
7.231389805647231439e-01
7.411074440777410954e-01
7.510084341767510052e-01
7.581591492482581129e-01
7.775944261092776477e-01
7.387238723872386892e-01
7.396406307297396232e-01
7.405573890722405572e-01
7.414741474147414912e-01
7.423909057572424253e-01
7.491749174917491372e-01
7.576090942427575747e-01
7.735606894022735158e-01
7.783278327832783283e-01
7.816281628162816686e-01
7.931793179317931930e-01
7.728272827282728352e-01
7.737440410707737692e-01
7.746607994132747033e-01
7.755775577557755263e-01
7.764943160982764603e-01
7.825449211587824916e-01
7.896956362302897103e-01
8.003300330033003007e-01
8.021635496883021688e-01
8.041804180418041792e-01
8.129812981298130126e-01
7.992299229922992243e-01
8.001466813348001583e-01
8.010634396773010923e-01
8.019801980198020264e-01
8.028969563623028494e-01
8.050971763843051132e-01
8.111477814448111445e-01
8.204987165383205161e-01
8.223322332233223841e-01
8.241657499083241412e-01
8.294829482948294919e-01
8.195819581958195821e-01
8.204987165383205161e-01
8.214154748808214501e-01
8.223322332233223841e-01
8.232489915658232071e-01
8.254492115878254710e-01
8.289328932893289537e-01
8.375504217088375336e-01
8.386505317198386100e-01
8.397506417308397975e-01
8.421342134213420927e-01
8.443344334433443565e-01
8.452511917858452906e-01
8.461679501283461136e-01
8.470847084708470476e-01
8.480014668133479816e-01
8.489182251558489156e-01
8.514851485148514643e-01
8.553355335533553427e-01
8.562522918958562768e-01
8.571690502383572108e-01
8.580858085808580338e-01
8.536853685368537281e-01
8.546021268793545511e-01
8.555188852218554851e-01
8.564356435643564192e-01
8.573524019068573532e-01
8.582691602493582872e-01
8.604693802713604400e-01
8.639530619728639227e-01
8.648698203153648567e-01
8.657865786578657907e-01
8.663366336633663289e-01
