4.807290677805202139e-01
4.807290677805202139e-01
4.809189291816973744e-01
4.820580975887602260e-01
4.860451870134801511e-01
4.917410290487943536e-01
5.035124359217770795e-01
5.131953673818112627e-01
5.272451110689196918e-01
5.437630529713308736e-01
5.631289158913992399e-01
4.980064552876400374e-01
4.980064552876400374e-01
4.980064552876400374e-01
4.987659008923485682e-01
5.019935447123600181e-01
5.073096639453199552e-01
5.179419024112398295e-01
5.272451110689196918e-01
5.401556863489652693e-01
5.542054300360736985e-01
5.716726789443705714e-01
5.549648756407822292e-01
5.549648756407822292e-01
5.549648756407822292e-01
5.553445984431365501e-01
5.580026580596164631e-01
5.629390544902221905e-01
5.722422631479020527e-01
5.807860262008733843e-01
5.925574330738561102e-01
6.045187013480159965e-01
6.191380292386557960e-01
5.908486804632617773e-01
5.908486804632617773e-01
5.908486804632617773e-01
5.908486804632617773e-01
5.933168786785646409e-01
5.974938295044617265e-01
6.067970381621415887e-01
6.130624644009873281e-01
6.235048414657300420e-01
6.326181887222327438e-01
6.428707043857984083e-01
6.371748623504841502e-01
6.371748623504841502e-01
6.371748623504841502e-01
6.371748623504841502e-01
6.392633377634326930e-01
6.426808429846212478e-01
6.519840516423011101e-01
6.569204480729067264e-01
6.616669831023352932e-01
6.673628251376495513e-01
6.749572811847351916e-01
6.713499145623694764e-01
6.713499145623694764e-01
6.713499145623694764e-01
6.713499145623694764e-01
6.728688057717866489e-01
6.755268653882665619e-01
6.823618758306436716e-01
6.869185494588949670e-01
6.886273020694892999e-01
6.920448072906778547e-01
6.990696791342320138e-01
7.024871843554205686e-01
7.024871843554205686e-01
7.024871843554205686e-01
7.024871843554205686e-01
7.040060755648376301e-01
7.040060755648376301e-01
7.102715018036832584e-01
7.125498386178089616e-01
7.134991456236946528e-01
7.144484526295804550e-01
7.180558192519460592e-01
7.353332067590658827e-01
7.353332067590658827e-01
7.353332067590658827e-01
7.353332067590658827e-01
7.353332067590658827e-01
7.353332067590658827e-01
7.412189101955571902e-01
7.433073856085058440e-01
7.433073856085058440e-01
7.440668312132143747e-01
7.450161382191000659e-01
7.509018416555913733e-01
7.509018416555913733e-01
7.509018416555913733e-01
7.509018416555913733e-01
7.509018416555913733e-01
7.509018416555913733e-01
7.564078222897284709e-01
7.584962977026770137e-01
7.584962977026770137e-01
7.584962977026770137e-01
7.590658819062084950e-01
7.609644959179798773e-01
7.609644959179798773e-01
7.609644959179798773e-01
7.609644959179798773e-01
7.609644959179798773e-01
7.609644959179798773e-01
7.659008923485854936e-01
7.679893677615340364e-01
7.679893677615340364e-01
7.679893677615340364e-01
7.679893677615340364e-01
7.702677045756597396e-01
7.702677045756597396e-01
7.702677045756597396e-01
7.702677045756597396e-01
7.702677045756597396e-01
7.702677045756597396e-01
7.725460413897854428e-01
7.746345168027339856e-01
7.746345168027339856e-01
7.746345168027339856e-01
7.746345168027339856e-01
