4.683257918552036214e-01
4.683257918552036214e-01
4.683257918552036214e-01
4.683257918552036214e-01
4.724393253805018733e-01
4.724393253805018733e-01
4.724393253805018733e-01
4.724393253805018733e-01
4.814890991361579498e-01
4.985602632661456091e-01
5.115178938708350165e-01
5.394899218428630405e-01
5.394899218428630405e-01
5.394899218428630405e-01
5.394899218428630405e-01
5.431921020156313951e-01
5.431921020156313951e-01
5.431921020156313951e-01
5.431921020156313951e-01
5.522418757712875825e-01
5.680789798436857163e-01
5.793911970382558119e-01
6.349238996297820181e-01
6.349238996297820181e-01
6.349238996297820181e-01
6.349238996297820181e-01
6.384204031262854517e-01
6.384204031262854517e-01
6.384204031262854517e-01
6.384204031262854517e-01
6.474701768819416392e-01
6.624845742492800893e-01
6.725627313862607703e-01
6.832579185520362142e-01
6.832579185520362142e-01
6.832579185520362142e-01
6.832579185520362142e-01
6.863430686960099170e-01
6.863430686960099170e-01
6.863430686960099170e-01
6.863430686960099170e-01
6.949814890991361516e-01
7.050596462361168326e-01
7.126696832579185736e-01
7.256273138626079255e-01
7.256273138626079255e-01
7.256273138626079255e-01
7.256273138626079255e-01
7.283011106540517865e-01
7.283011106540517865e-01
7.283011106540517865e-01
7.283011106540517865e-01
7.354997943233236857e-01
7.443438914027149522e-01
7.482517482517482277e-01
7.669683257918552544e-01
7.669683257918552544e-01
7.669683257918552544e-01
7.669683257918552544e-01
7.692307692307692735e-01
7.692307692307692735e-01
7.692307692307692735e-01
7.692307692307692735e-01
7.751953928424516471e-01
7.821883998354586254e-01
7.844508432743726445e-01
7.988482106129164428e-01
7.988482106129164428e-01
7.988482106129164428e-01
7.988482106129164428e-01
8.009049773755656521e-01
8.009049773755656521e-01
8.009049773755656521e-01
8.009049773755656521e-01
8.064582476347181839e-01
8.107774578362814122e-01
8.130399012751954313e-01
8.239407651172356850e-01
8.239407651172356850e-01
8.239407651172356850e-01
8.239407651172356850e-01
8.255861785273550524e-01
8.255861785273550524e-01
8.255861785273550524e-01
8.255861785273550524e-01
8.305224187577128214e-01
8.342245989304812870e-01
8.364870423693953061e-01
8.465651995063759871e-01
8.465651995063759871e-01
8.465651995063759871e-01
8.465651995063759871e-01
8.465651995063759871e-01
8.465651995063759871e-01
8.465651995063759871e-01
8.465651995063759871e-01
8.508844097079391045e-01
8.541752365281777282e-01
8.552036199095022218e-01
8.630193336075688837e-01
8.630193336075688837e-01
8.630193336075688837e-01
8.630193336075688837e-01
8.630193336075688837e-01
8.630193336075688837e-01
8.630193336075688837e-01
8.630193336075688837e-01
8.667215137803373493e-01
8.693953105717812102e-01
8.700123406005758619e-01
8.767996709173180303e-01
8.767996709173180303e-01
8.767996709173180303e-01
8.767996709173180303e-01
8.767996709173180303e-01
8.767996709173180303e-01
8.767996709173180303e-01
8.767996709173180303e-01
8.800904977375565430e-01
8.817359111476757993e-01
8.817359111476757993e-01
