6.920177020160629411e-01
6.920177020160629411e-01
6.920177020160629411e-01
6.931650549090313529e-01
6.962792984756597248e-01
6.997213571545648492e-01
7.107031634158335054e-01
7.207015243402721261e-01
7.272578265858056223e-01
7.406982461891493674e-01
7.598754302573348385e-01
7.102114407474184876e-01
7.102114407474184876e-01
7.102114407474184876e-01
7.110309785281101469e-01
7.134895918701852358e-01
7.169316505490903602e-01
7.267661039173906046e-01
7.362727421734142075e-01
7.428290444189477038e-01
7.557777413538764311e-01
7.742992951975086191e-01
7.408621537452876327e-01
7.408621537452876327e-01
7.408621537452876327e-01
7.416816915259794030e-01
7.431568595312243453e-01
7.464350106539912044e-01
7.551221111293230370e-01
7.643009342730699984e-01
7.708572365186034947e-01
7.833142107851172042e-01
8.006884117357809805e-01
7.579085395836747674e-01
7.579085395836747674e-01
7.579085395836747674e-01
7.587280773643665377e-01
7.595476151450581970e-01
7.624979511555483036e-01
7.705294214063268532e-01
7.788887067693820443e-01
7.847893787903622576e-01
7.938042943779708427e-01
8.074086215374528530e-01
7.801999672184887213e-01
7.801999672184887213e-01
7.801999672184887213e-01
7.810195049991804916e-01
7.818390427798721509e-01
7.833142107851172042e-01
7.905261432552040946e-01
7.960990001639075553e-01
7.993771512866743034e-01
8.051139157515161404e-01
8.138010162268480840e-01
7.960990001639075553e-01
7.960990001639075553e-01
7.960990001639075553e-01
7.969185379445992146e-01
7.977380757252909849e-01
7.985576135059826441e-01
8.028192099655794278e-01
8.075725290935912293e-01
8.103589575479429596e-01
8.152761842320931374e-01
8.211768562530732396e-01
8.034748401901327108e-01
8.034748401901327108e-01
8.034748401901327108e-01
8.042943779708244811e-01
8.051139157515161404e-01
8.059334535322077997e-01
8.095394197672513004e-01
8.129814784461563137e-01
8.151122766759547611e-01
8.192099655794131685e-01
8.242910998197017225e-01
8.131453860022946900e-01
8.131453860022946900e-01
8.131453860022946900e-01
8.139649237829863493e-01
8.147844615636781196e-01
8.156039993443697789e-01
8.182265202425831330e-01
8.190460580232749033e-01
8.195377806916899210e-01
8.226520242583182929e-01
8.277331584986067359e-01
8.157679069005081551e-01
8.157679069005081551e-01
8.157679069005081551e-01
8.165874446811998144e-01
8.174069824618914737e-01
8.178987051303064915e-01
8.200295033601049388e-01
8.206851335846582218e-01
8.206851335846582218e-01
8.234715620390099522e-01
8.277331584986067359e-01
8.195377806916899210e-01
8.195377806916899210e-01
8.195377806916899210e-01
8.203573184723815803e-01
8.210129486969349744e-01
8.210129486969349744e-01
8.216685789214882574e-01
8.216685789214882574e-01
8.216685789214882574e-01
8.239632847074249700e-01
8.277331584986067359e-01
8.215046713653499921e-01
8.215046713653499921e-01
8.215046713653499921e-01
8.223242091460416514e-01
8.226520242583182929e-01
8.226520242583182929e-01
8.226520242583182929e-01
8.226520242583182929e-01
8.226520242583182929e-01
8.244550073758399877e-01
8.277331584986067359e-01
