4.728910983377349608e-01
4.742892651856455144e-01
4.766195432654963260e-01
4.789498213453471931e-01
4.853192480969395484e-01
4.907565636165915901e-01
5.022526021438558086e-01
5.098648438713686559e-01
5.271089016622649837e-01
5.445083113251514284e-01
5.699860183315208495e-01
5.033400652477861836e-01
5.045828802237066757e-01
5.067578064315675368e-01
5.090880845114184039e-01
5.139039925431101441e-01
5.191859561907721243e-01
5.303712909740562198e-01
5.376728289575889441e-01
5.546061830045051488e-01
5.702967220755009725e-01
5.942209103619698896e-01
5.771322044430635678e-01
5.782196675469939429e-01
5.802392418828646869e-01
5.825695199627155541e-01
5.867640205064470482e-01
5.912692247941587764e-01
6.021438558334627489e-01
6.089793382010253442e-01
6.256019885039614259e-01
6.408264719589871206e-01
6.616436228056548075e-01
6.459530837346589838e-01
6.467298430946092358e-01
6.484387136864999679e-01
6.507689917663508350e-01
6.548081404380923232e-01
6.582258816218735653e-01
6.686344570452074088e-01
6.751592356687897700e-01
6.899176635078452247e-01
7.000155351871990561e-01
7.127543886903837667e-01
6.967531458754078200e-01
6.975299052353580720e-01
6.989280720832685700e-01
7.011029982911294312e-01
7.048314432188907963e-01
7.079384806586919154e-01
7.169488892341152608e-01
7.212987416498368720e-01
7.256485940655584832e-01
7.331054839210812135e-01
7.391642069286934458e-01
7.327947801771010905e-01
7.335715395370514536e-01
7.346590026409818286e-01
7.365232251048625667e-01
7.400963181606338148e-01
7.430480037284449280e-01
7.480192636321267852e-01
7.509709491999378983e-01
7.533012272797887654e-01
7.584278390554606286e-01
7.621562839832219938e-01
7.520584123038682733e-01
7.528351716638185254e-01
7.536119310237688884e-01
7.551654497436693925e-01
7.584278390554606286e-01
7.599813577753612437e-01
7.641758583190927379e-01
7.665061363989436050e-01
7.685257107348143490e-01
7.717881000466055852e-01
7.744290818704365753e-01
7.711666925586453392e-01
7.717881000466055852e-01
7.725648594065558372e-01
7.736523225104862123e-01
7.747397856144166983e-01
7.758272487183470734e-01
7.781575267981979405e-01
7.798663973900885615e-01
7.814199161099891766e-01
7.835948423178499267e-01
7.859251203977007938e-01
7.848376572937704188e-01
7.853037129097405478e-01
7.860804722696907998e-01
7.867018797576510458e-01
7.868572316296411628e-01
7.870125835016311688e-01
7.884107503495416669e-01
7.887214540935217899e-01
7.901196209414323990e-01
7.916731396613329030e-01
7.936927139972036471e-01
8.009942519807363714e-01
8.009942519807363714e-01
8.017710113406866235e-01
8.019263632126767405e-01
8.019263632126767405e-01
8.019263632126767405e-01
8.019263632126767405e-01
8.019263632126767405e-01
8.019263632126767405e-01
8.031691781885971215e-01
8.041012894205374906e-01
8.070529749883486037e-01
8.070529749883486037e-01
8.073636787323287267e-01
8.073636787323287267e-01
8.073636787323287267e-01
8.073636787323287267e-01
8.073636787323287267e-01
8.073636787323287267e-01
8.073636787323287267e-01
8.073636787323287267e-01
8.073636787323287267e-01
