4.100119189511323148e-01
4.100119189511323148e-01
4.100119189511323148e-01
4.100119189511323148e-01
4.100119189511323148e-01
4.100119189511323148e-01
4.100119189511323148e-01
4.100119189511323148e-01
4.427890345649582726e-01
4.558998808104886558e-01
5.113230035756853864e-01
4.421930870083432552e-01
4.421930870083432552e-01
4.421930870083432552e-01
4.421930870083432552e-01
4.421930870083432552e-01
4.421930870083432552e-01
4.421930870083432552e-01
4.421930870083432552e-01
4.666269368295590247e-01
4.785458879618593730e-01
5.321811680572109404e-01
4.940405244338498258e-01
4.940405244338498258e-01
4.940405244338498258e-01
4.940405244338498258e-01
4.940405244338498258e-01
4.940405244338498258e-01
4.940405244338498258e-01
4.940405244338498258e-01
5.148986889153754909e-01
5.250297973778307314e-01
5.762812872467223402e-01
5.607866507747317764e-01
5.607866507747317764e-01
5.607866507747317764e-01
5.607866507747317764e-01
5.607866507747317764e-01
5.607866507747317764e-01
5.607866507747317764e-01
5.607866507747317764e-01
5.792610250297973717e-01
5.834326579261025492e-01
6.281287246722287998e-01
6.185935637663885212e-01
6.185935637663885212e-01
6.185935637663885212e-01
6.185935637663885212e-01
6.185935637663885212e-01
6.185935637663885212e-01
6.185935637663885212e-01
6.185935637663885212e-01
6.352800953516090088e-01
6.382598331346841514e-01
6.811680572109654053e-01
6.704410011918950918e-01
6.704410011918950918e-01
6.704410011918950918e-01
6.704410011918950918e-01
6.704410011918950918e-01
6.704410011918950918e-01
6.704410011918950918e-01
6.704410011918950918e-01
6.853396901072705827e-01
6.883194278903456143e-01
7.139451728247914186e-01
7.079856972586412445e-01
7.079856972586412445e-01
7.079856972586412445e-01
7.079856972586412445e-01
7.079856972586412445e-01
7.079856972586412445e-01
7.079856972586412445e-01
7.079856972586412445e-01
7.216924910607867005e-01
7.246722288438617321e-01
7.467222884386174320e-01
7.681764004767580589e-01
7.681764004767580589e-01
7.681764004767580589e-01
7.681764004767580589e-01
7.681764004767580589e-01
7.681764004767580589e-01
7.681764004767580589e-01
7.681764004767580589e-01
7.800953516090584072e-01
7.830750893921334388e-01
8.027413587604290690e-01
8.253873659117997308e-01
8.253873659117997308e-01
8.253873659117997308e-01
8.253873659117997308e-01
8.253873659117997308e-01
8.253873659117997308e-01
8.253873659117997308e-01
8.253873659117997308e-01
8.355184743742550824e-01
8.384982121573301139e-01
8.563766388557806364e-01
8.706793802145411654e-01
8.706793802145411654e-01
8.706793802145411654e-01
8.706793802145411654e-01
8.706793802145411654e-01
8.706793802145411654e-01
8.706793802145411654e-01
8.706793802145411654e-01
8.796185935637663711e-01
8.825983313468415137e-01
8.980929678188319665e-01
8.808104886769964059e-01
8.808104886769964059e-01
8.808104886769964059e-01
8.808104886769964059e-01
8.808104886769964059e-01
8.808104886769964059e-01
8.808104886769964059e-01
8.808104886769964059e-01
8.879618593563766149e-01
8.903456495828366846e-01
9.016686531585220710e-01
