3.406156901688182637e-01
3.447864945382323465e-01
3.461767626613704296e-01
3.527308838133068614e-01
3.813306852035749928e-01
4.142999006951340601e-01
4.299900695134061812e-01
4.462760675273088617e-01
4.677259185700099464e-01
5.014895729890764819e-01
5.547169811320754595e-01
3.487586891757696317e-01
3.525322740814300082e-01
3.535253227408142740e-01
3.588877855014895868e-01
3.860973187686196351e-01
4.174776564051638772e-01
4.315789473684210620e-01
4.472691161866931275e-01
4.685203574975173590e-01
5.022840119165838946e-01
5.555114200595828722e-01
3.690168818272095419e-01
3.723932472691162121e-01
3.733862959285004779e-01
3.775571002979146162e-01
4.031777557100297837e-01
4.311817279046673557e-01
4.442899702085402192e-01
4.585898709036742571e-01
4.792452830188679291e-01
5.130089374379344092e-01
5.658391261171797915e-01
4.031777557100297837e-01
4.061569016881827476e-01
4.071499503475670134e-01
4.101290963257199773e-01
4.349553128103277322e-01
4.613704071499503678e-01
4.742800397219463782e-01
4.867924528301886822e-01
5.066534260178748861e-01
5.392254220456802472e-01
5.882820258192651419e-01
4.315789473684210620e-01
4.339622641509434109e-01
4.349553128103277322e-01
4.377358490566037874e-01
4.609731876861966060e-01
4.850049652432969483e-01
4.977159880834161054e-01
5.092353525322740326e-01
5.247269116186693561e-01
5.539225422045680469e-01
6.017874875868917117e-01
4.647467725918569825e-01
4.669314796425024783e-01
4.677259185700099464e-01
4.701092353525322953e-01
4.917576961271102332e-01
5.143992055610725478e-01
5.241310824230387411e-01
5.342601787487586407e-01
5.467725918570010002e-01
5.704071499503475806e-01
6.105263157894736947e-01
5.042701092353525372e-01
5.062562065541211798e-01
5.066534260178748861e-01
5.088381330685203263e-01
5.296921549155908515e-01
5.463753723932472939e-01
5.547169811320754595e-01
5.624627606752731213e-01
5.729890764647467272e-01
5.942403177755709587e-01
6.282025819265143474e-01
5.616683217477655976e-01
5.634558093346574426e-01
5.634558093346574426e-01
5.650446871896722678e-01
5.851042701092353804e-01
5.986097318768619502e-01
6.043694141012909693e-01
6.105263157894736947e-01
6.190665342601787691e-01
6.377358490566037430e-01
6.665342601787487276e-01
6.105263157894736947e-01
6.121151936444886310e-01
6.121151936444886310e-01
6.131082423038728413e-01
6.323733862959285412e-01
6.430983118172790558e-01
6.470705064548163410e-01
6.518371400198609278e-01
6.587884806355511769e-01
6.766633565044687382e-01
6.963257199602780334e-01
6.558093346573982130e-01
6.571996027805362406e-01
6.571996027805362406e-01
6.573982125124131493e-01
6.730883813306851593e-01
6.814299900695134360e-01
6.850049652432969038e-01
6.885799404170804827e-01
6.935451837140019782e-01
7.104270109235352182e-01
7.261171797418073393e-01
6.959285004965243271e-01
6.971201588877854460e-01
6.971201588877854460e-01
6.971201588877854460e-01
7.096325719960278056e-01
7.165839126117179436e-01
7.193644488579939988e-01
7.217477656405163478e-01
7.255213505461767243e-01
7.402184707050645240e-01
7.517378351539225623e-01
