5.461786867599569550e-01
5.498385360602798810e-01
5.547900968783637810e-01
5.621097954790096329e-01
5.765339074273412301e-01
5.883745963401506573e-01
6.002152852529601956e-01
6.133476856835307078e-01
6.312163616792250131e-01
6.538213132400431116e-01
6.727664155005381730e-01
5.539289558665231317e-01
5.571582346609257330e-01
5.618945102260495261e-01
5.683530678148547288e-01
5.812701829924650232e-01
5.931108719052744505e-01
6.049515608180839887e-01
6.174381054897739585e-01
6.346609257265877213e-01
6.566200215285252773e-01
6.755651237890204497e-01
5.877287405812702259e-01
5.900968783638320669e-01
5.944025834230355354e-01
5.999999999999999778e-01
6.111948331539289736e-01
6.230355220667384009e-01
6.348762109795479391e-01
6.469321851453175842e-01
6.637244348762110224e-01
6.852529601722282537e-01
7.022604951560817987e-01
6.127018299246501654e-01
6.144241119483315750e-01
6.185145317545748256e-01
6.234660925726587255e-01
6.329386437029063117e-01
6.439181916038750897e-01
6.557588805166846280e-01
6.678148546824542731e-01
6.820236813778256524e-01
6.970936490850376810e-01
7.078579117330462411e-01
6.350914962325080459e-01
6.365984930032292377e-01
6.400430570505920569e-01
6.445640473627556322e-01
6.525296017222820266e-01
6.615715823466092882e-01
6.734122712594187155e-01
6.828848223896663017e-01
6.925726587728741057e-01
7.061356297093649426e-01
7.162540365984929602e-01
6.665231431646931881e-01
6.675995694294940552e-01
6.701829924650161141e-01
6.744886975242195826e-01
6.815931108719053277e-01
6.889128094725511797e-01
6.958019375672765960e-01
7.029063509149623412e-01
7.110871905274488425e-01
7.227125941872981629e-01
7.293864370290634724e-01
7.067814854682453740e-01
7.076426264800861343e-01
7.095801937567276507e-01
7.134553283100107945e-01
7.194833153928955616e-01
7.237890204520990300e-01
7.283100107642626053e-01
7.336921420882669409e-01
7.395048439181916011e-01
7.448869752421959367e-01
7.481162540365985381e-01
7.317545748116254245e-01
7.321851453175457491e-01
7.334768568353068341e-01
7.360602798708288930e-01
7.403659849300322504e-01
7.440258342303551764e-01
7.472551130247577778e-01
7.500538213132400545e-01
7.517761033369214640e-01
7.554359526372443900e-01
7.578040904198062311e-01
7.457481162540365860e-01
7.457481162540365860e-01
7.468245425188374531e-01
7.487621097954789695e-01
7.519913885898815709e-01
7.552206673842841722e-01
7.575888051668461243e-01
7.580193756727664489e-01
7.580193756727664489e-01
7.595263724434876407e-01
7.614639397201291571e-01
7.560818083961248215e-01
7.560818083961248215e-01
7.567276641550053640e-01
7.578040904198062311e-01
7.599569429494079653e-01
7.627556512378902420e-01
7.634015069967706735e-01
7.634015069967706735e-01
7.634015069967706735e-01
7.636167922497308913e-01
7.636167922497308913e-01
7.618945102260494817e-01
7.618945102260494817e-01
7.618945102260494817e-01
7.629709364908503488e-01
7.642626480086114338e-01
7.646932185145317584e-01
7.646932185145317584e-01
7.646932185145317584e-01
7.646932185145317584e-01
7.646932185145317584e-01
7.646932185145317584e-01
