3.972305638972305486e-01
4.014014014014014031e-01
4.110777444110777501e-01
4.160827494160827533e-01
4.242575909242575771e-01
4.356022689356022770e-01
4.479479479479479553e-01
4.652986319652986369e-01
4.981648314981648173e-01
5.343677010343677036e-01
5.729062395729062063e-01
4.127460794127461030e-01
4.169169169169169020e-01
4.264264264264264193e-01
4.314314314314314225e-01
4.389389389389389273e-01
4.499499499499499677e-01
4.614614614614614418e-01
4.778111444778111450e-01
5.075075075075075048e-01
5.417083750417083232e-01
5.785785785785785285e-01
4.379379379379379489e-01
4.421087754421087479e-01
4.514514514514514354e-01
4.564564564564564386e-01
4.632966299632966245e-01
4.738071404738071202e-01
4.849849849849849903e-01
5.003336670003336595e-01
5.281948615281948367e-01
5.598932265598932645e-01
5.945945945945946276e-01
4.743076409743076649e-01
4.784784784784784639e-01
4.876543209876543217e-01
4.926593259926593249e-01
4.993326659993326810e-01
5.091758425091758022e-01
5.200200200200200129e-01
5.347013680347013631e-01
5.605605605605605835e-01
5.860860860860860333e-01
6.162829496162829379e-01
5.140140140140140312e-01
5.181848515181848303e-01
5.271938605271938583e-01
5.321988655321988615e-01
5.385385385385385026e-01
5.477143810477144159e-01
5.580580580580580818e-01
5.707374040707373641e-01
5.914247580914248070e-01
6.102769436102769562e-01
6.354688021354688576e-01
5.653987320653987014e-01
5.695695695695696115e-01
5.784117450784117542e-01
5.834167500834167575e-01
5.895895895895896244e-01
5.982649315982648819e-01
6.041041041041040893e-01
6.146146146146146405e-01
6.242909576242909875e-01
6.396396396396396566e-01
6.599933266599933290e-01
6.051051051051050678e-01
6.091091091091090926e-01
6.177844511177844611e-01
6.227894561227894643e-01
6.286286286286286717e-01
6.358024691358025171e-01
6.394728061394727714e-01
6.481481481481481399e-01
6.533199866533200284e-01
6.671671671671671744e-01
6.823490156823490693e-01
6.394728061394727714e-01
6.431431431431431367e-01
6.514848181514848457e-01
6.564898231564898490e-01
6.598264931598264438e-01
6.646646646646646728e-01
6.680013346680013786e-01
6.753420086753419982e-01
6.781781781781781593e-01
6.896896896896896889e-01
7.023690357023690822e-01
6.663329996663329702e-01
6.696696696696696760e-01
6.780113446780113851e-01
6.826826826826827288e-01
6.851851851851852304e-01
6.893560226893560294e-01
6.916916916916916458e-01
6.988655321988654912e-01
7.005338672005338996e-01
7.102102102102102466e-01
7.182182182182181851e-01
7.020353687020354227e-01
7.053720387053720176e-01
7.133800467133800671e-01
7.167167167167166619e-01
7.192192192192192746e-01
7.227227227227227546e-01
7.242242242242242778e-01
7.303970637303970337e-01
7.320653987320654421e-01
7.395729062395729470e-01
7.447447447447447244e-01
7.265598932265598942e-01
7.298965632298966000e-01
7.370704037370704453e-01
7.397397397397397212e-01
7.422422422422422228e-01
7.449115782449116097e-01
7.459125792459125881e-01
7.505839172505839318e-01
7.514180847514181361e-01
7.569235902569235730e-01
7.617617617617618020e-01
