4.828934506353861345e-01
4.853372434017595438e-01
4.941348973607038175e-01
5.053763440860215006e-01
5.131964809384164106e-01
5.229716520039100480e-01
5.439882697947213686e-01
5.537634408602150060e-01
5.630498533724340726e-01
5.728250244379277101e-01
6.197458455522971699e-01
4.887585532746823169e-01
4.912023460410557263e-01
4.995112414467253181e-01
5.097751710654936375e-01
5.171065493646138655e-01
5.263929618768328211e-01
5.474095796676441417e-01
5.571847507331377791e-01
5.664711632453568457e-01
5.762463343108504832e-01
6.231671554252199430e-01
5.117302052785923649e-01
5.141739980449657743e-01
5.219941348973606843e-01
5.317693059628543217e-01
5.391006842619745498e-01
5.474095796676441417e-01
5.684261974584555732e-01
5.782013685239492107e-01
5.874877810361681663e-01
5.972629521016618037e-01
6.432062561094818998e-01
5.610948191593352341e-01
5.635386119257087545e-01
5.708699902248289826e-01
5.796676441837732563e-01
5.869990224828934844e-01
5.943304007820137125e-01
6.148582600195503511e-01
6.246334310850439886e-01
6.329423264907135804e-01
6.383186705767350810e-01
6.813294232649070858e-01
6.407624633431084904e-01
6.432062561094818998e-01
6.500488758553274460e-01
6.583577712609970378e-01
6.656891495601172659e-01
6.730205278592374940e-01
6.925708699902248799e-01
6.989247311827957443e-01
7.038123167155425630e-01
7.072336265884653361e-01
7.458455522971652041e-01
6.842619745845551771e-01
6.867057673509285864e-01
6.930596285434995618e-01
7.003910068426197899e-01
7.077223851417400180e-01
7.145650048875855642e-01
7.292277614858260204e-01
7.336265884652981573e-01
7.360703812316715666e-01
7.385141739980449760e-01
7.673509286412512065e-01
7.375366568914956122e-01
7.399804496578690216e-01
7.458455522971652041e-01
7.526881720430107503e-01
7.600195503421309784e-01
7.649071358748777971e-01
7.693059628543499340e-01
7.717497556207233433e-01
7.722385141739980252e-01
7.732160312805473890e-01
7.903225806451612545e-01
7.717497556207233433e-01
7.741935483870967527e-01
7.795698924731182533e-01
7.854349951124144358e-01
7.908113391984359364e-01
7.952101661779080732e-01
7.976539589442814826e-01
7.976539589442814826e-01
7.976539589442814826e-01
7.976539589442814826e-01
8.103616813294232113e-01
8.049853372434017107e-01
8.074291300097751201e-01
8.123167155425219388e-01
8.172043010752688685e-01
8.220918866080156873e-01
8.250244379276637785e-01
8.255131964809384604e-01
8.255131964809384604e-01
8.255131964809384604e-01
8.255131964809384604e-01
8.255131964809384604e-01
8.250244379276637785e-01
8.274682306940371879e-01
8.313782991202346428e-01
8.343108504398827341e-01
8.372434017595308253e-01
8.387096774193548709e-01
8.387096774193548709e-01
8.387096774193548709e-01
8.387096774193548709e-01
8.387096774193548709e-01
8.387096774193548709e-01
8.313782991202346428e-01
8.338220918866080522e-01
8.362658846529814616e-01
8.387096774193548709e-01
8.387096774193548709e-01
8.387096774193548709e-01
8.387096774193548709e-01
8.387096774193548709e-01
8.387096774193548709e-01
8.387096774193548709e-01
8.387096774193548709e-01
