7.404170804369414327e-01
7.404170804369414327e-01
7.404170804369414327e-01
7.404170804369414327e-01
7.559086395233366451e-01
7.578947368421052877e-01
7.721946375372392701e-01
7.795431976166832255e-01
7.904667328699106488e-01
8.101290963257199440e-01
8.212512413108242759e-01
7.527308838133068836e-01
7.527308838133068836e-01
7.527308838133068836e-01
7.527308838133068836e-01
7.674280039721946833e-01
7.694141012909632149e-01
7.833167825223436020e-01
7.906653426017874464e-01
7.996027805362462271e-01
8.178748758689176057e-01
8.276067527308837990e-01
7.860973187686196573e-01
7.860973187686196573e-01
7.860973187686196573e-01
7.860973187686196573e-01
8.003972194637537507e-01
8.023833167825223933e-01
8.158887785501489631e-01
8.232373386295928075e-01
8.315789473684210842e-01
8.472691161866930942e-01
8.556107249255213709e-01
8.146971201588877332e-01
8.146971201588877332e-01
8.146971201588877332e-01
8.146971201588877332e-01
8.278053624627607077e-01
8.297914597815293503e-01
8.428997020854022137e-01
8.502482621648460581e-01
8.581926514399205175e-01
8.611717974180734814e-01
8.651439920556107666e-01
8.379344587884806073e-01
8.379344587884806073e-01
8.379344587884806073e-01
8.379344587884806073e-01
8.502482621648460581e-01
8.522343594836147007e-01
8.647467725918569492e-01
8.685203574975173257e-01
8.711022840119165833e-01
8.716981132075471983e-01
8.746772591857000512e-01
8.571996027805361962e-01
8.571996027805361962e-01
8.571996027805361962e-01
8.571996027805361962e-01
8.683217477656405281e-01
8.703078450844091707e-01
8.764647467725918961e-01
8.764647467725918961e-01
8.764647467725918961e-01
8.764647467725918961e-01
8.788480635551142450e-01
8.677259185700099131e-01
8.677259185700099131e-01
8.677259185700099131e-01
8.677259185700099131e-01
8.782522343594836300e-01
8.794438927507447490e-01
8.794438927507447490e-01
8.794438927507447490e-01
8.794438927507447490e-01
8.794438927507447490e-01
8.812313803376365939e-01
8.766633565044686938e-01
8.766633565044686938e-01
8.766633565044686938e-01
8.766633565044686938e-01
8.830188679245283279e-01
8.830188679245283279e-01
8.830188679245283279e-01
8.830188679245283279e-01
8.830188679245283279e-01
8.830188679245283279e-01
8.840119165839126492e-01
8.838133068520357405e-01
8.838133068520357405e-01
8.838133068520357405e-01
8.838133068520357405e-01
8.883813306852035296e-01
8.883813306852035296e-01
8.883813306852035296e-01
8.883813306852035296e-01
8.883813306852035296e-01
8.883813306852035296e-01
8.887785501489573470e-01
8.915590863952334022e-01
8.915590863952334022e-01
8.915590863952334022e-01
8.915590863952334022e-01
8.915590863952334022e-01
8.915590863952334022e-01
8.915590863952334022e-01
8.915590863952334022e-01
8.915590863952334022e-01
8.915590863952334022e-01
8.915590863952334022e-01
8.947368421052631637e-01
8.947368421052631637e-01
8.947368421052631637e-01
8.947368421052631637e-01
8.947368421052631637e-01
8.947368421052631637e-01
8.947368421052631637e-01
8.947368421052631637e-01
8.947368421052631637e-01
8.947368421052631637e-01
8.947368421052631637e-01
