4.521591871295512211e-01
4.521591871295512211e-01
4.544877222692633167e-01
4.606265876375952306e-01
4.661303979678238507e-01
4.811600338696020440e-01
4.879339542760372517e-01
5.012701100762065876e-01
5.148179508890770029e-01
5.334462320067738794e-01
5.639288738357324249e-01
4.798899237933954010e-01
4.798899237933954010e-01
4.813717188823031234e-01
4.868755292125317435e-01
4.919559695173581493e-01
5.061388653683319694e-01
5.124894157493649072e-01
5.245554614733276555e-01
5.353513971210838163e-01
5.524978831498730258e-01
5.804403048264182852e-01
5.353513971210838163e-01
5.353513971210838163e-01
5.361981371718882450e-01
5.410668924640135158e-01
5.453005927180355483e-01
5.569432684165961378e-01
5.626587637595258373e-01
5.734546994072819981e-01
5.829805249788314603e-01
5.986452159187130029e-01
6.212955122777307215e-01
5.757832345469940938e-01
5.757832345469940938e-01
5.759949195596951732e-01
5.802286198137172057e-01
5.838272650296358890e-01
5.944115156646909703e-01
5.999153259949195904e-01
6.098645215918713225e-01
6.176968670618120383e-01
6.318797629127858029e-01
6.456392887383572976e-01
6.174851820491109589e-01
6.174851820491109589e-01
6.174851820491109589e-01
6.204487722269262928e-01
6.236240474174428172e-01
6.333615580016934699e-01
6.388653683319220900e-01
6.477561388653683139e-01
6.547417442845047120e-01
6.651143099068586029e-01
6.759102455546147636e-01
6.536833192209992038e-01
6.536833192209992038e-01
6.536833192209992038e-01
6.551651143099068708e-01
6.577053344623200459e-01
6.657493649449619522e-01
6.710414902624893818e-01
6.792972057578323675e-01
6.852243861134631464e-01
6.926333615580017034e-01
7.019475021168500861e-01
6.746401354784081761e-01
6.746401354784081761e-01
6.746401354784081761e-01
6.754868755292124938e-01
6.771803556308213512e-01
6.843776460626587177e-01
6.890347163420830201e-01
6.968670618120237359e-01
7.019475021168500861e-01
7.078746824724809761e-01
7.152836579170194220e-01
7.055461473327688804e-01
7.055461473327688804e-01
7.055461473327688804e-01
7.059695173581710392e-01
7.061812023708721187e-01
7.118966977138018182e-01
7.161303979678238507e-01
7.203640982218458833e-01
7.252328535139712651e-01
7.298899237933954565e-01
7.343353090601185684e-01
7.220575783234547407e-01
7.220575783234547407e-01
7.220575783234547407e-01
7.222692633361558201e-01
7.222692633361558201e-01
7.262912785774766622e-01
7.296782387806943770e-01
7.339119390347162986e-01
7.370872142252328230e-01
7.408975444538526967e-01
7.453429297205758086e-01
7.449195596951735387e-01
7.449195596951735387e-01
7.449195596951735387e-01
7.449195596951735387e-01
7.449195596951735387e-01
7.478831498729889837e-01
7.495766299745978412e-01
7.519051651143099368e-01
7.550804403048264613e-01
7.582557154953428746e-01
7.607959356477561608e-01
7.620660457239627483e-01
7.620660457239627483e-01
7.620660457239627483e-01
7.620660457239627483e-01
7.620660457239627483e-01
7.637595258255714947e-01
7.648179508890770029e-01
7.662997459779847809e-01
7.684165961049957971e-01
7.703217612193056230e-01
7.722269263336155598e-01
